day	machine	plateName	plateLR	well	line
1	1	1	1	1	7
1	1	1	1	2	397
1	1	1	1	3	36
1	1	1	1	4	100
1	1	1	1	5	469
1	1	1	1	6	39
1	1	1	1	7	122
1	1	1	1	8	175
1	1	1	1	9	464
1	1	1	1	10	179
1	1	1	1	11	182
1	1	1	1	12	55
1	1	1	1	13	375
1	1	1	1	14	392
1	1	1	1	15	137
1	1	1	1	16	49
1	1	1	1	17	13
1	1	1	1	18	3
1	1	1	1	19	194
1	1	1	1	20	150
1	1	1	1	21	358
1	1	1	1	22	180
1	1	1	1	23	307
1	1	1	1	24	157
1	1	1	1	25	126
1	1	1	1	26	468
1	1	1	1	27	357
1	1	1	1	28	53
1	1	1	1	29	411
1	1	1	1	30	45
1	1	1	1	31	153
1	1	1	1	32	461
1	1	1	1	33	350
1	1	1	1	34	15
1	1	1	1	35	177
1	1	1	1	36	131
1	1	1	1	37	403
1	1	1	1	38	360
1	1	1	1	39	158
1	1	1	1	40	310
1	1	1	1	41	163
1	1	1	1	42	369
1	1	1	1	43	188
1	1	1	1	44	64
1	1	1	1	45	380
1	1	1	1	46	367
1	1	1	1	47	210
1	1	1	1	48	402
1	1	1	1	49	57
1	1	1	1	50	213
1	1	1	1	51	368
1	1	1	1	52	120
1	1	1	1	53	396
1	1	1	1	54	400
1	1	1	1	55	371
1	1	1	1	56	173
1	1	1	1	57	70
1	1	1	1	58	151
1	1	1	1	59	438
1	1	1	1	60	418
1	1	1	1	61	303
1	1	1	1	62	203
1	1	1	1	63	30
1	1	1	1	64	432
1	1	1	1	65	408
1	1	1	1	66	302
1	1	1	1	67	107
1	1	1	1	68	10
1	1	1	1	69	318
1	1	1	1	70	26
1	1	1	1	71	466
1	1	1	1	72	359
1	1	1	1	73	24
1	1	1	1	74	58
1	1	1	1	75	48
1	1	1	1	76	69
1	1	1	1	77	82
1	1	1	1	78	342
1	1	1	1	79	467
1	1	1	1	80	312
1	1	1	1	81	6
1	1	1	1	82	337
1	1	1	1	83	59
1	1	1	1	84	218
1	1	1	1	85	96
1	1	1	1	86	19
1	1	1	1	87	378
1	1	1	1	88	101
1	1	1	1	89	332
1	1	1	1	90	317
1	1	1	1	91	11
1	1	1	1	92	209
1	1	1	1	93	475
1	1	1	1	94	85
1	1	1	1	95	301
1	1	1	1	96	352
1	1	1	1	97	385
1	1	1	1	98	324
1	1	1	1	99	167
1	1	1	1	100	56
1	1	2	2	1	420
1	1	2	2	2	127
1	1	2	2	3	17
1	1	2	2	4	79
1	1	2	2	5	46
1	1	2	2	6	430
1	1	2	2	7	459
1	1	2	2	8	66
1	1	2	2	9	135
1	1	2	2	10	169
1	1	2	2	11	186
1	1	2	2	12	74
1	1	2	2	13	145
1	1	2	2	14	387
1	1	2	2	15	91
1	1	2	2	16	316
1	1	2	2	17	306
1	1	2	2	18	329
1	1	2	2	19	214
1	1	2	2	20	195
1	1	2	2	21	328
1	1	2	2	22	76
1	1	2	2	23	16
1	1	2	2	24	132
1	1	2	2	25	425
1	1	2	2	26	413
1	1	2	2	27	62
1	1	2	2	28	343
1	1	2	2	29	95
1	1	2	2	30	14
1	1	2	2	31	409
1	1	2	2	32	176
1	1	2	2	33	50
1	1	2	2	34	390
1	1	2	2	35	319
1	1	2	2	36	477
1	1	2	2	37	309
1	1	2	2	38	462
1	1	2	2	39	453
1	1	2	2	40	2
1	1	2	2	41	118
1	1	2	2	42	452
1	1	2	2	43	108
1	1	2	2	44	87
1	1	2	2	45	33
1	1	2	2	46	448
1	1	2	2	47	429
1	1	2	2	48	212
1	1	2	2	49	427
1	1	2	2	50	65
1	1	2	2	51	415
1	1	2	2	52	460
1	1	2	2	53	119
1	1	2	2	54	88
1	1	2	2	55	162
1	1	2	2	56	144
1	1	2	2	57	426
1	1	2	2	58	440
1	1	2	2	59	205
1	1	2	2	60	481
1	1	2	2	61	351
1	1	2	2	62	5
1	1	2	2	63	61
1	1	2	2	64	196
1	1	2	2	65	109
1	1	2	2	66	165
1	1	2	2	67	84
1	1	2	2	68	354
1	1	2	2	69	331
1	1	2	2	70	164
1	1	2	2	71	93
1	1	2	2	72	421
1	1	2	2	73	8
1	1	2	2	74	44
1	1	2	2	75	112
1	1	2	2	76	141
1	1	2	2	77	456
1	1	2	2	78	72
1	1	2	2	79	42
1	1	2	2	80	439
1	1	2	2	81	394
1	1	2	2	82	192
1	1	2	2	83	20
1	1	2	2	84	98
1	1	2	2	85	73
1	1	2	2	86	31
1	1	2	2	87	171
1	1	2	2	88	379
1	1	2	2	89	381
1	1	2	2	90	457
1	1	2	2	91	407
1	1	2	2	92	305
1	1	2	2	93	480
1	1	2	2	94	424
1	1	2	2	95	124
1	1	2	2	96	130
1	1	2	2	97	89
1	1	2	2	98	376
1	1	2	2	99	94
1	1	2	2	100	139
1	2	3	1	1	201
1	2	3	1	2	423
1	2	3	1	3	471
1	2	3	1	4	340
1	2	3	1	5	206
1	2	3	1	6	389
1	2	3	1	7	339
1	2	3	1	8	51
1	2	3	1	9	363
1	2	3	1	10	327
1	2	3	1	11	63
1	2	3	1	12	362
1	2	3	1	13	347
1	2	3	1	14	311
1	2	3	1	15	377
1	2	3	1	16	121
1	2	3	1	17	28
1	2	3	1	18	217
1	2	3	1	19	333
1	2	3	1	20	321
1	2	3	1	21	405
1	2	3	1	22	470
1	2	3	1	23	338
1	2	3	1	24	200
1	2	3	1	25	361
1	2	3	1	26	428
1	2	3	1	27	27
1	2	3	1	28	174
1	2	3	1	29	410
1	2	3	1	30	114
1	2	3	1	31	435
1	2	3	1	32	78
1	2	3	1	33	344
1	2	3	1	34	393
1	2	3	1	35	434
1	2	3	1	36	77
1	2	3	1	37	441
1	2	3	1	38	23
1	2	3	1	39	455
1	2	3	1	40	404
1	2	3	1	41	313
1	2	3	1	42	208
1	2	3	1	43	446
1	2	3	1	44	190
1	2	3	1	45	102
1	2	3	1	46	391
1	2	3	1	47	18
1	2	3	1	48	211
1	2	3	1	49	314
1	2	3	1	50	67
1	2	3	1	51	315
1	2	3	1	52	416
1	2	3	1	53	207
1	2	3	1	54	433
1	2	3	1	55	454
1	2	3	1	56	75
1	2	3	1	57	372
1	2	3	1	58	170
1	2	3	1	59	71
1	2	3	1	60	90
1	2	3	1	61	346
1	2	3	1	62	138
1	2	3	1	63	417
1	2	3	1	64	395
1	2	3	1	65	37
1	2	3	1	66	463
1	2	3	1	67	60
1	2	3	1	68	388
1	2	3	1	69	336
1	2	3	1	70	187
1	2	3	1	71	154
1	2	3	1	72	41
1	2	3	1	73	97
1	2	3	1	74	115
1	2	3	1	75	147
1	2	3	1	76	349
1	2	3	1	77	136
1	2	3	1	78	216
1	2	3	1	79	422
1	2	3	1	80	125
1	2	3	1	81	443
1	2	3	1	82	341
1	2	3	1	83	113
1	2	3	1	84	9
1	2	3	1	85	161
1	2	3	1	86	86
1	2	3	1	87	451
1	2	3	1	88	458
1	2	3	1	89	348
1	2	3	1	90	370
1	2	3	1	91	447
1	2	3	1	92	155
1	2	3	1	93	449
1	2	3	1	94	412
1	2	3	1	95	105
1	2	3	1	96	117
1	2	3	1	97	345
1	2	3	1	98	384
1	2	3	1	99	478
1	2	3	1	100	81
1	2	4	2	1	32
1	2	4	2	2	445
1	2	4	2	3	47
1	2	4	2	4	436
1	2	4	2	5	482
1	2	4	2	6	431
1	2	4	2	7	465
1	2	4	2	8	472
1	2	4	2	9	106
1	2	4	2	10	353
1	2	4	2	11	149
1	2	4	2	12	204
1	2	4	2	13	111
1	2	4	2	14	68
1	2	4	2	15	191
1	2	4	2	16	22
1	2	4	2	17	197
1	2	4	2	18	104
1	2	4	2	19	382
1	2	4	2	20	178
1	2	4	2	21	330
1	2	4	2	22	220
1	2	4	2	23	320
1	2	4	2	24	83
1	2	4	2	25	202
1	2	4	2	26	215
1	2	4	2	27	40
1	2	4	2	28	43
1	2	4	2	29	198
1	2	4	2	30	4
1	2	4	2	31	152
1	2	4	2	32	414
1	2	4	2	33	52
1	2	4	2	34	184
1	2	4	2	35	142
1	2	4	2	36	364
1	2	4	2	37	479
1	2	4	2	38	1
1	2	4	2	39	373
1	2	4	2	40	181
1	2	4	2	41	374
1	2	4	2	42	398
1	2	4	2	43	193
1	2	4	2	44	12
1	2	4	2	45	183
1	2	4	2	46	450
1	2	4	2	47	356
1	2	4	2	48	133
1	2	4	2	49	185
1	2	4	2	50	386
1	2	4	2	51	166
1	2	4	2	52	143
1	2	4	2	53	160
1	2	4	2	54	322
1	2	4	2	55	129
1	2	4	2	56	308
1	2	4	2	57	442
1	2	4	2	58	168
1	2	4	2	59	103
1	2	4	2	60	406
1	2	4	2	61	419
1	2	4	2	62	366
1	2	4	2	63	437
1	2	4	2	64	444
1	2	4	2	65	116
1	2	4	2	66	355
1	2	4	2	67	323
1	2	4	2	68	99
1	2	4	2	69	159
1	2	4	2	70	325
1	2	4	2	71	140
1	2	4	2	72	128
1	2	4	2	73	38
1	2	4	2	74	134
1	2	4	2	75	199
1	2	4	2	76	365
1	2	4	2	77	304
1	2	4	2	78	156
1	2	4	2	79	476
1	2	4	2	80	334
1	2	4	2	81	29
1	2	4	2	82	25
1	2	4	2	83	54
1	2	4	2	84	219
1	2	4	2	85	326
1	2	4	2	86	383
1	2	4	2	87	474
1	2	4	2	88	34
1	2	4	2	89	401
1	2	4	2	90	146
1	2	4	2	91	92
1	2	4	2	92	473
1	2	4	2	93	335
1	2	4	2	94	399
1	2	4	2	95	80
1	2	4	2	96	172
1	2	4	2	97	148
1	2	4	2	98	123
1	2	4	2	99	21
1	2	4	2	100	35
2	1	1	1	1	97
2	1	1	1	2	87
2	1	1	1	3	13
2	1	1	1	4	347
2	1	1	1	5	341
2	1	1	1	6	67
2	1	1	1	7	139
2	1	1	1	8	2
2	1	1	1	9	21
2	1	1	1	10	303
2	1	1	1	11	52
2	1	1	1	12	452
2	1	1	1	13	32
2	1	1	1	14	332
2	1	1	1	15	76
2	1	1	1	16	468
2	1	1	1	17	190
2	1	1	1	18	324
2	1	1	1	19	4
2	1	1	1	20	313
2	1	1	1	21	382
2	1	1	1	22	390
2	1	1	1	23	357
2	1	1	1	24	171
2	1	1	1	25	409
2	1	1	1	26	338
2	1	1	1	27	395
2	1	1	1	28	471
2	1	1	1	29	354
2	1	1	1	30	93
2	1	1	1	31	109
2	1	1	1	32	5
2	1	1	1	33	308
2	1	1	1	34	70
2	1	1	1	35	71
2	1	1	1	36	77
2	1	1	1	37	198
2	1	1	1	38	141
2	1	1	1	39	383
2	1	1	1	40	46
2	1	1	1	41	145
2	1	1	1	42	448
2	1	1	1	43	393
2	1	1	1	44	368
2	1	1	1	45	407
2	1	1	1	46	445
2	1	1	1	47	74
2	1	1	1	48	136
2	1	1	1	49	476
2	1	1	1	50	184
2	1	1	1	51	36
2	1	1	1	52	69
2	1	1	1	53	121
2	1	1	1	54	218
2	1	1	1	55	118
2	1	1	1	56	317
2	1	1	1	57	14
2	1	1	1	58	12
2	1	1	1	59	372
2	1	1	1	60	473
2	1	1	1	61	432
2	1	1	1	62	321
2	1	1	1	63	327
2	1	1	1	64	325
2	1	1	1	65	205
2	1	1	1	66	183
2	1	1	1	67	419
2	1	1	1	68	148
2	1	1	1	69	420
2	1	1	1	70	29
2	1	1	1	71	201
2	1	1	1	72	428
2	1	1	1	73	479
2	1	1	1	74	349
2	1	1	1	75	339
2	1	1	1	76	342
2	1	1	1	77	398
2	1	1	1	78	58
2	1	1	1	79	89
2	1	1	1	80	431
2	1	1	1	81	433
2	1	1	1	82	442
2	1	1	1	83	163
2	1	1	1	84	103
2	1	1	1	85	358
2	1	1	1	86	482
2	1	1	1	87	49
2	1	1	1	88	135
2	1	1	1	89	43
2	1	1	1	90	314
2	1	1	1	91	438
2	1	1	1	92	91
2	1	1	1	93	17
2	1	1	1	94	182
2	1	1	1	95	88
2	1	1	1	96	454
2	1	1	1	97	57
2	1	1	1	98	191
2	1	1	1	99	196
2	1	1	1	100	200
2	1	2	2	1	480
2	1	2	2	2	444
2	1	2	2	3	456
2	1	2	2	4	170
2	1	2	2	5	376
2	1	2	2	6	310
2	1	2	2	7	79
2	1	2	2	8	302
2	1	2	2	9	165
2	1	2	2	10	105
2	1	2	2	11	426
2	1	2	2	12	181
2	1	2	2	13	316
2	1	2	2	14	350
2	1	2	2	15	307
2	1	2	2	16	411
2	1	2	2	17	65
2	1	2	2	18	47
2	1	2	2	19	478
2	1	2	2	20	366
2	1	2	2	21	86
2	1	2	2	22	157
2	1	2	2	23	131
2	1	2	2	24	33
2	1	2	2	25	173
2	1	2	2	26	396
2	1	2	2	27	391
2	1	2	2	28	416
2	1	2	2	29	458
2	1	2	2	30	360
2	1	2	2	31	377
2	1	2	2	32	439
2	1	2	2	33	50
2	1	2	2	34	177
2	1	2	2	35	378
2	1	2	2	36	51
2	1	2	2	37	155
2	1	2	2	38	345
2	1	2	2	39	153
2	1	2	2	40	85
2	1	2	2	41	132
2	1	2	2	42	209
2	1	2	2	43	340
2	1	2	2	44	459
2	1	2	2	45	63
2	1	2	2	46	397
2	1	2	2	47	54
2	1	2	2	48	199
2	1	2	2	49	61
2	1	2	2	50	34
2	1	2	2	51	159
2	1	2	2	52	394
2	1	2	2	53	66
2	1	2	2	54	168
2	1	2	2	55	20
2	1	2	2	56	437
2	1	2	2	57	309
2	1	2	2	58	9
2	1	2	2	59	457
2	1	2	2	60	330
2	1	2	2	61	130
2	1	2	2	62	343
2	1	2	2	63	217
2	1	2	2	64	133
2	1	2	2	65	53
2	1	2	2	66	464
2	1	2	2	67	400
2	1	2	2	68	95
2	1	2	2	69	158
2	1	2	2	70	365
2	1	2	2	71	455
2	1	2	2	72	424
2	1	2	2	73	451
2	1	2	2	74	323
2	1	2	2	75	23
2	1	2	2	76	465
2	1	2	2	77	404
2	1	2	2	78	208
2	1	2	2	79	122
2	1	2	2	80	364
2	1	2	2	81	167
2	1	2	2	82	385
2	1	2	2	83	188
2	1	2	2	84	27
2	1	2	2	85	406
2	1	2	2	86	375
2	1	2	2	87	19
2	1	2	2	88	56
2	1	2	2	89	204
2	1	2	2	90	186
2	1	2	2	91	129
2	1	2	2	92	31
2	1	2	2	93	92
2	1	2	2	94	100
2	1	2	2	95	386
2	1	2	2	96	388
2	1	2	2	97	193
2	1	2	2	98	346
2	1	2	2	99	356
2	1	2	2	100	166
2	2	3	1	1	216
2	2	3	1	2	399
2	2	3	1	3	6
2	2	3	1	4	82
2	2	3	1	5	180
2	2	3	1	6	154
2	2	3	1	7	147
2	2	3	1	8	123
2	2	3	1	9	96
2	2	3	1	10	440
2	2	3	1	11	319
2	2	3	1	12	59
2	2	3	1	13	16
2	2	3	1	14	215
2	2	3	1	15	429
2	2	3	1	16	48
2	2	3	1	17	417
2	2	3	1	18	22
2	2	3	1	19	137
2	2	3	1	20	203
2	2	3	1	21	107
2	2	3	1	22	140
2	2	3	1	23	30
2	2	3	1	24	421
2	2	3	1	25	83
2	2	3	1	26	475
2	2	3	1	27	142
2	2	3	1	28	422
2	2	3	1	29	152
2	2	3	1	30	101
2	2	3	1	31	315
2	2	3	1	32	80
2	2	3	1	33	210
2	2	3	1	34	18
2	2	3	1	35	389
2	2	3	1	36	373
2	2	3	1	37	174
2	2	3	1	38	311
2	2	3	1	39	10
2	2	3	1	40	115
2	2	3	1	41	348
2	2	3	1	42	45
2	2	3	1	43	369
2	2	3	1	44	120
2	2	3	1	45	94
2	2	3	1	46	119
2	2	3	1	47	410
2	2	3	1	48	408
2	2	3	1	49	214
2	2	3	1	50	68
2	2	3	1	51	11
2	2	3	1	52	443
2	2	3	1	53	328
2	2	3	1	54	134
2	2	3	1	55	306
2	2	3	1	56	434
2	2	3	1	57	197
2	2	3	1	58	220
2	2	3	1	59	125
2	2	3	1	60	333
2	2	3	1	61	104
2	2	3	1	62	474
2	2	3	1	63	64
2	2	3	1	64	39
2	2	3	1	65	374
2	2	3	1	66	108
2	2	3	1	67	370
2	2	3	1	68	42
2	2	3	1	69	322
2	2	3	1	70	169
2	2	3	1	71	40
2	2	3	1	72	202
2	2	3	1	73	447
2	2	3	1	74	384
2	2	3	1	75	207
2	2	3	1	76	127
2	2	3	1	77	318
2	2	3	1	78	8
2	2	3	1	79	427
2	2	3	1	80	162
2	2	3	1	81	466
2	2	3	1	82	24
2	2	3	1	83	219
2	2	3	1	84	334
2	2	3	1	85	463
2	2	3	1	86	304
2	2	3	1	87	73
2	2	3	1	88	344
2	2	3	1	89	150
2	2	3	1	90	441
2	2	3	1	91	423
2	2	3	1	92	450
2	2	3	1	93	90
2	2	3	1	94	435
2	2	3	1	95	472
2	2	3	1	96	405
2	2	3	1	97	144
2	2	3	1	98	44
2	2	3	1	99	164
2	2	3	1	100	212
2	2	4	2	1	460
2	2	4	2	2	124
2	2	4	2	3	185
2	2	4	2	4	353
2	2	4	2	5	213
2	2	4	2	6	113
2	2	4	2	7	371
2	2	4	2	8	415
2	2	4	2	9	187
2	2	4	2	10	403
2	2	4	2	11	363
2	2	4	2	12	359
2	2	4	2	13	449
2	2	4	2	14	72
2	2	4	2	15	7
2	2	4	2	16	178
2	2	4	2	17	26
2	2	4	2	18	418
2	2	4	2	19	126
2	2	4	2	20	160
2	2	4	2	21	381
2	2	4	2	22	481
2	2	4	2	23	3
2	2	4	2	24	446
2	2	4	2	25	112
2	2	4	2	26	402
2	2	4	2	27	75
2	2	4	2	28	305
2	2	4	2	29	81
2	2	4	2	30	326
2	2	4	2	31	102
2	2	4	2	32	28
2	2	4	2	33	176
2	2	4	2	34	312
2	2	4	2	35	106
2	2	4	2	36	331
2	2	4	2	37	156
2	2	4	2	38	111
2	2	4	2	39	116
2	2	4	2	40	336
2	2	4	2	41	467
2	2	4	2	42	392
2	2	4	2	43	335
2	2	4	2	44	38
2	2	4	2	45	436
2	2	4	2	46	337
2	2	4	2	47	175
2	2	4	2	48	430
2	2	4	2	49	362
2	2	4	2	50	41
2	2	4	2	51	161
2	2	4	2	52	138
2	2	4	2	53	128
2	2	4	2	54	453
2	2	4	2	55	469
2	2	4	2	56	172
2	2	4	2	57	78
2	2	4	2	58	461
2	2	4	2	59	99
2	2	4	2	60	355
2	2	4	2	61	60
2	2	4	2	62	179
2	2	4	2	63	206
2	2	4	2	64	470
2	2	4	2	65	98
2	2	4	2	66	146
2	2	4	2	67	387
2	2	4	2	68	425
2	2	4	2	69	194
2	2	4	2	70	367
2	2	4	2	71	114
2	2	4	2	72	380
2	2	4	2	73	1
2	2	4	2	74	320
2	2	4	2	75	477
2	2	4	2	76	414
2	2	4	2	77	352
2	2	4	2	78	37
2	2	4	2	79	117
2	2	4	2	80	301
2	2	4	2	81	361
2	2	4	2	82	351
2	2	4	2	83	143
2	2	4	2	84	329
2	2	4	2	85	413
2	2	4	2	86	379
2	2	4	2	87	412
2	2	4	2	88	401
2	2	4	2	89	62
2	2	4	2	90	192
2	2	4	2	91	195
2	2	4	2	92	35
2	2	4	2	93	25
2	2	4	2	94	84
2	2	4	2	95	211
2	2	4	2	96	462
2	2	4	2	97	15
2	2	4	2	98	149
2	2	4	2	99	151
2	2	4	2	100	55
3	1	1	1	1	87
3	1	1	1	2	136
3	1	1	1	3	147
3	1	1	1	4	355
3	1	1	1	5	118
3	1	1	1	6	50
3	1	1	1	7	85
3	1	1	1	8	44
3	1	1	1	9	19
3	1	1	1	10	414
3	1	1	1	11	418
3	1	1	1	12	159
3	1	1	1	13	193
3	1	1	1	14	49
3	1	1	1	15	3
3	1	1	1	16	220
3	1	1	1	17	363
3	1	1	1	18	310
3	1	1	1	19	143
3	1	1	1	20	406
3	1	1	1	21	117
3	1	1	1	22	422
3	1	1	1	23	15
3	1	1	1	24	313
3	1	1	1	25	348
3	1	1	1	26	206
3	1	1	1	27	22
3	1	1	1	28	387
3	1	1	1	29	426
3	1	1	1	30	164
3	1	1	1	31	360
3	1	1	1	32	431
3	1	1	1	33	202
3	1	1	1	34	12
3	1	1	1	35	123
3	1	1	1	36	56
3	1	1	1	37	347
3	1	1	1	38	399
3	1	1	1	39	132
3	1	1	1	40	11
3	1	1	1	41	24
3	1	1	1	42	77
3	1	1	1	43	315
3	1	1	1	44	435
3	1	1	1	45	111
3	1	1	1	46	359
3	1	1	1	47	440
3	1	1	1	48	482
3	1	1	1	49	47
3	1	1	1	50	18
3	1	1	1	51	69
3	1	1	1	52	312
3	1	1	1	53	369
3	1	1	1	54	5
3	1	1	1	55	133
3	1	1	1	56	70
3	1	1	1	57	308
3	1	1	1	58	341
3	1	1	1	59	175
3	1	1	1	60	367
3	1	1	1	61	373
3	1	1	1	62	325
3	1	1	1	63	403
3	1	1	1	64	429
3	1	1	1	65	115
3	1	1	1	66	162
3	1	1	1	67	127
3	1	1	1	68	455
3	1	1	1	69	328
3	1	1	1	70	53
3	1	1	1	71	324
3	1	1	1	72	419
3	1	1	1	73	179
3	1	1	1	74	42
3	1	1	1	75	99
3	1	1	1	76	135
3	1	1	1	77	321
3	1	1	1	78	423
3	1	1	1	79	76
3	1	1	1	80	365
3	1	1	1	81	57
3	1	1	1	82	357
3	1	1	1	83	218
3	1	1	1	84	408
3	1	1	1	85	453
3	1	1	1	86	430
3	1	1	1	87	35
3	1	1	1	88	405
3	1	1	1	89	102
3	1	1	1	90	101
3	1	1	1	91	334
3	1	1	1	92	183
3	1	1	1	93	14
3	1	1	1	94	381
3	1	1	1	95	209
3	1	1	1	96	30
3	1	1	1	97	29
3	1	1	1	98	185
3	1	1	1	99	428
3	1	1	1	100	103
3	1	2	2	1	467
3	1	2	2	2	327
3	1	2	2	3	150
3	1	2	2	4	320
3	1	2	2	5	25
3	1	2	2	6	375
3	1	2	2	7	459
3	1	2	2	8	415
3	1	2	2	9	444
3	1	2	2	10	397
3	1	2	2	11	54
3	1	2	2	12	322
3	1	2	2	13	409
3	1	2	2	14	386
3	1	2	2	15	114
3	1	2	2	16	33
3	1	2	2	17	165
3	1	2	2	18	306
3	1	2	2	19	67
3	1	2	2	20	180
3	1	2	2	21	463
3	1	2	2	22	21
3	1	2	2	23	337
3	1	2	2	24	148
3	1	2	2	25	181
3	1	2	2	26	424
3	1	2	2	27	46
3	1	2	2	28	137
3	1	2	2	29	92
3	1	2	2	30	333
3	1	2	2	31	380
3	1	2	2	32	384
3	1	2	2	33	370
3	1	2	2	34	158
3	1	2	2	35	191
3	1	2	2	36	61
3	1	2	2	37	480
3	1	2	2	38	186
3	1	2	2	39	66
3	1	2	2	40	151
3	1	2	2	41	446
3	1	2	2	42	376
3	1	2	2	43	394
3	1	2	2	44	184
3	1	2	2	45	197
3	1	2	2	46	330
3	1	2	2	47	204
3	1	2	2	48	400
3	1	2	2	49	71
3	1	2	2	50	219
3	1	2	2	51	456
3	1	2	2	52	195
3	1	2	2	53	468
3	1	2	2	54	362
3	1	2	2	55	168
3	1	2	2	56	398
3	1	2	2	57	106
3	1	2	2	58	317
3	1	2	2	59	167
3	1	2	2	60	7
3	1	2	2	61	377
3	1	2	2	62	441
3	1	2	2	63	392
3	1	2	2	64	309
3	1	2	2	65	52
3	1	2	2	66	156
3	1	2	2	67	356
3	1	2	2	68	68
3	1	2	2	69	64
3	1	2	2	70	81
3	1	2	2	71	41
3	1	2	2	72	122
3	1	2	2	73	425
3	1	2	2	74	404
3	1	2	2	75	43
3	1	2	2	76	154
3	1	2	2	77	203
3	1	2	2	78	371
3	1	2	2	79	302
3	1	2	2	80	97
3	1	2	2	81	390
3	1	2	2	82	163
3	1	2	2	83	462
3	1	2	2	84	26
3	1	2	2	85	307
3	1	2	2	86	112
3	1	2	2	87	474
3	1	2	2	88	166
3	1	2	2	89	457
3	1	2	2	90	138
3	1	2	2	91	173
3	1	2	2	92	32
3	1	2	2	93	28
3	1	2	2	94	73
3	1	2	2	95	1
3	1	2	2	96	358
3	1	2	2	97	36
3	1	2	2	98	79
3	1	2	2	99	445
3	1	2	2	100	177
3	2	3	1	1	364
3	2	3	1	2	126
3	2	3	1	3	438
3	2	3	1	4	344
3	2	3	1	5	476
3	2	3	1	6	59
3	2	3	1	7	475
3	2	3	1	8	391
3	2	3	1	9	83
3	2	3	1	10	96
3	2	3	1	11	142
3	2	3	1	12	139
3	2	3	1	13	349
3	2	3	1	14	336
3	2	3	1	15	332
3	2	3	1	16	477
3	2	3	1	17	190
3	2	3	1	18	211
3	2	3	1	19	72
3	2	3	1	20	361
3	2	3	1	21	119
3	2	3	1	22	124
3	2	3	1	23	4
3	2	3	1	24	447
3	2	3	1	25	335
3	2	3	1	26	382
3	2	3	1	27	465
3	2	3	1	28	146
3	2	3	1	29	413
3	2	3	1	30	45
3	2	3	1	31	396
3	2	3	1	32	37
3	2	3	1	33	470
3	2	3	1	34	319
3	2	3	1	35	217
3	2	3	1	36	316
3	2	3	1	37	379
3	2	3	1	38	131
3	2	3	1	39	39
3	2	3	1	40	80
3	2	3	1	41	104
3	2	3	1	42	433
3	2	3	1	43	374
3	2	3	1	44	449
3	2	3	1	45	8
3	2	3	1	46	352
3	2	3	1	47	174
3	2	3	1	48	350
3	2	3	1	49	31
3	2	3	1	50	304
3	2	3	1	51	450
3	2	3	1	52	128
3	2	3	1	53	481
3	2	3	1	54	34
3	2	3	1	55	329
3	2	3	1	56	434
3	2	3	1	57	342
3	2	3	1	58	17
3	2	3	1	59	94
3	2	3	1	60	303
3	2	3	1	61	129
3	2	3	1	62	338
3	2	3	1	63	388
3	2	3	1	64	90
3	2	3	1	65	182
3	2	3	1	66	210
3	2	3	1	67	378
3	2	3	1	68	74
3	2	3	1	69	301
3	2	3	1	70	86
3	2	3	1	71	194
3	2	3	1	72	116
3	2	3	1	73	176
3	2	3	1	74	95
3	2	3	1	75	212
3	2	3	1	76	153
3	2	3	1	77	436
3	2	3	1	78	62
3	2	3	1	79	368
3	2	3	1	80	420
3	2	3	1	81	13
3	2	3	1	82	161
3	2	3	1	83	439
3	2	3	1	84	145
3	2	3	1	85	100
3	2	3	1	86	6
3	2	3	1	87	160
3	2	3	1	88	113
3	2	3	1	89	82
3	2	3	1	90	208
3	2	3	1	91	214
3	2	3	1	92	20
3	2	3	1	93	393
3	2	3	1	94	383
3	2	3	1	95	323
3	2	3	1	96	458
3	2	3	1	97	2
3	2	3	1	98	201
3	2	3	1	99	213
3	2	3	1	100	478
3	2	4	2	1	23
3	2	4	2	2	198
3	2	4	2	3	125
3	2	4	2	4	469
3	2	4	2	5	120
3	2	4	2	6	411
3	2	4	2	7	88
3	2	4	2	8	401
3	2	4	2	9	372
3	2	4	2	10	107
3	2	4	2	11	27
3	2	4	2	12	339
3	2	4	2	13	108
3	2	4	2	14	205
3	2	4	2	15	432
3	2	4	2	16	130
3	2	4	2	17	402
3	2	4	2	18	331
3	2	4	2	19	345
3	2	4	2	20	38
3	2	4	2	21	155
3	2	4	2	22	75
3	2	4	2	23	346
3	2	4	2	24	421
3	2	4	2	25	60
3	2	4	2	26	407
3	2	4	2	27	65
3	2	4	2	28	216
3	2	4	2	29	385
3	2	4	2	30	121
3	2	4	2	31	354
3	2	4	2	32	464
3	2	4	2	33	395
3	2	4	2	34	51
3	2	4	2	35	55
3	2	4	2	36	196
3	2	4	2	37	314
3	2	4	2	38	305
3	2	4	2	39	311
3	2	4	2	40	448
3	2	4	2	41	199
3	2	4	2	42	149
3	2	4	2	43	144
3	2	4	2	44	461
3	2	4	2	45	410
3	2	4	2	46	454
3	2	4	2	47	351
3	2	4	2	48	340
3	2	4	2	49	473
3	2	4	2	50	93
3	2	4	2	51	207
3	2	4	2	52	98
3	2	4	2	53	451
3	2	4	2	54	417
3	2	4	2	55	353
3	2	4	2	56	318
3	2	4	2	57	215
3	2	4	2	58	172
3	2	4	2	59	452
3	2	4	2	60	78
3	2	4	2	61	389
3	2	4	2	62	16
3	2	4	2	63	188
3	2	4	2	64	366
3	2	4	2	65	89
3	2	4	2	66	134
3	2	4	2	67	105
3	2	4	2	68	460
3	2	4	2	69	479
3	2	4	2	70	9
3	2	4	2	71	157
3	2	4	2	72	442
3	2	4	2	73	472
3	2	4	2	74	192
3	2	4	2	75	152
3	2	4	2	76	178
3	2	4	2	77	58
3	2	4	2	78	187
3	2	4	2	79	427
3	2	4	2	80	141
3	2	4	2	81	416
3	2	4	2	82	200
3	2	4	2	83	326
3	2	4	2	84	63
3	2	4	2	85	343
3	2	4	2	86	471
3	2	4	2	87	10
3	2	4	2	88	171
3	2	4	2	89	443
3	2	4	2	90	40
3	2	4	2	91	170
3	2	4	2	92	91
3	2	4	2	93	84
3	2	4	2	94	48
3	2	4	2	95	140
3	2	4	2	96	412
3	2	4	2	97	466
3	2	4	2	98	169
3	2	4	2	99	109
3	2	4	2	100	437
4	1	1	1	1	480
4	1	1	1	2	444
4	1	1	1	3	451
4	1	1	1	4	405
4	1	1	1	5	142
4	1	1	1	6	323
4	1	1	1	7	218
4	1	1	1	8	63
4	1	1	1	9	72
4	1	1	1	10	82
4	1	1	1	11	27
4	1	1	1	12	201
4	1	1	1	13	454
4	1	1	1	14	28
4	1	1	1	15	48
4	1	1	1	16	360
4	1	1	1	17	392
4	1	1	1	18	159
4	1	1	1	19	304
4	1	1	1	20	122
4	1	1	1	21	39
4	1	1	1	22	345
4	1	1	1	23	396
4	1	1	1	24	51
4	1	1	1	25	170
4	1	1	1	26	116
4	1	1	1	27	351
4	1	1	1	28	424
4	1	1	1	29	382
4	1	1	1	30	22
4	1	1	1	31	302
4	1	1	1	32	331
4	1	1	1	33	41
4	1	1	1	34	24
4	1	1	1	35	350
4	1	1	1	36	90
4	1	1	1	37	326
4	1	1	1	38	190
4	1	1	1	39	210
4	1	1	1	40	32
4	1	1	1	41	152
4	1	1	1	42	117
4	1	1	1	43	406
4	1	1	1	44	441
4	1	1	1	45	217
4	1	1	1	46	390
4	1	1	1	47	149
4	1	1	1	48	329
4	1	1	1	49	173
4	1	1	1	50	410
4	1	1	1	51	155
4	1	1	1	52	134
4	1	1	1	53	78
4	1	1	1	54	131
4	1	1	1	55	15
4	1	1	1	56	213
4	1	1	1	57	346
4	1	1	1	58	206
4	1	1	1	59	130
4	1	1	1	60	156
4	1	1	1	61	96
4	1	1	1	62	416
4	1	1	1	63	126
4	1	1	1	64	188
4	1	1	1	65	186
4	1	1	1	66	187
4	1	1	1	67	120
4	1	1	1	68	14
4	1	1	1	69	374
4	1	1	1	70	191
4	1	1	1	71	214
4	1	1	1	72	197
4	1	1	1	73	3
4	1	1	1	74	113
4	1	1	1	75	425
4	1	1	1	76	94
4	1	1	1	77	147
4	1	1	1	78	348
4	1	1	1	79	183
4	1	1	1	80	423
4	1	1	1	81	431
4	1	1	1	82	196
4	1	1	1	83	324
4	1	1	1	84	352
4	1	1	1	85	334
4	1	1	1	86	465
4	1	1	1	87	370
4	1	1	1	88	397
4	1	1	1	89	445
4	1	1	1	90	157
4	1	1	1	91	366
4	1	1	1	92	414
4	1	1	1	93	404
4	1	1	1	94	42
4	1	1	1	95	469
4	1	1	1	96	6
4	1	1	1	97	447
4	1	1	1	98	473
4	1	1	1	99	132
4	1	1	1	100	17
4	1	2	2	1	356
4	1	2	2	2	146
4	1	2	2	3	459
4	1	2	2	4	421
4	1	2	2	5	322
4	1	2	2	6	336
4	1	2	2	7	429
4	1	2	2	8	98
4	1	2	2	9	31
4	1	2	2	10	77
4	1	2	2	11	482
4	1	2	2	12	317
4	1	2	2	13	46
4	1	2	2	14	422
4	1	2	2	15	330
4	1	2	2	16	363
4	1	2	2	17	385
4	1	2	2	18	26
4	1	2	2	19	80
4	1	2	2	20	95
4	1	2	2	21	344
4	1	2	2	22	215
4	1	2	2	23	400
4	1	2	2	24	369
4	1	2	2	25	435
4	1	2	2	26	53
4	1	2	2	27	67
4	1	2	2	28	129
4	1	2	2	29	339
4	1	2	2	30	181
4	1	2	2	31	144
4	1	2	2	32	161
4	1	2	2	33	171
4	1	2	2	34	176
4	1	2	2	35	83
4	1	2	2	36	426
4	1	2	2	37	362
4	1	2	2	38	47
4	1	2	2	39	368
4	1	2	2	40	75
4	1	2	2	41	43
4	1	2	2	42	364
4	1	2	2	43	325
4	1	2	2	44	320
4	1	2	2	45	2
4	1	2	2	46	49
4	1	2	2	47	438
4	1	2	2	48	61
4	1	2	2	49	109
4	1	2	2	50	470
4	1	2	2	51	56
4	1	2	2	52	54
4	1	2	2	53	36
4	1	2	2	54	439
4	1	2	2	55	452
4	1	2	2	56	335
4	1	2	2	57	341
4	1	2	2	58	200
4	1	2	2	59	91
4	1	2	2	60	10
4	1	2	2	61	69
4	1	2	2	62	318
4	1	2	2	63	428
4	1	2	2	64	34
4	1	2	2	65	455
4	1	2	2	66	312
4	1	2	2	67	137
4	1	2	2	68	409
4	1	2	2	69	192
4	1	2	2	70	314
4	1	2	2	71	379
4	1	2	2	72	168
4	1	2	2	73	309
4	1	2	2	74	442
4	1	2	2	75	52
4	1	2	2	76	74
4	1	2	2	77	119
4	1	2	2	78	158
4	1	2	2	79	195
4	1	2	2	80	59
4	1	2	2	81	199
4	1	2	2	82	376
4	1	2	2	83	103
4	1	2	2	84	419
4	1	2	2	85	398
4	1	2	2	86	340
4	1	2	2	87	321
4	1	2	2	88	13
4	1	2	2	89	89
4	1	2	2	90	114
4	1	2	2	91	375
4	1	2	2	92	121
4	1	2	2	93	313
4	1	2	2	94	328
4	1	2	2	95	466
4	1	2	2	96	139
4	1	2	2	97	457
4	1	2	2	98	349
4	1	2	2	99	35
4	1	2	2	100	166
4	2	3	1	1	353
4	2	3	1	2	102
4	2	3	1	3	205
4	2	3	1	4	68
4	2	3	1	5	417
4	2	3	1	6	440
4	2	3	1	7	391
4	2	3	1	8	355
4	2	3	1	9	337
4	2	3	1	10	359
4	2	3	1	11	11
4	2	3	1	12	76
4	2	3	1	13	303
4	2	3	1	14	418
4	2	3	1	15	20
4	2	3	1	16	105
4	2	3	1	17	79
4	2	3	1	18	140
4	2	3	1	19	88
4	2	3	1	20	402
4	2	3	1	21	143
4	2	3	1	22	464
4	2	3	1	23	19
4	2	3	1	24	311
4	2	3	1	25	310
4	2	3	1	26	99
4	2	3	1	27	437
4	2	3	1	28	436
4	2	3	1	29	169
4	2	3	1	30	185
4	2	3	1	31	160
4	2	3	1	32	381
4	2	3	1	33	433
4	2	3	1	34	40
4	2	3	1	35	316
4	2	3	1	36	389
4	2	3	1	37	463
4	2	3	1	38	333
4	2	3	1	39	5
4	2	3	1	40	453
4	2	3	1	41	301
4	2	3	1	42	456
4	2	3	1	43	62
4	2	3	1	44	474
4	2	3	1	45	163
4	2	3	1	46	175
4	2	3	1	47	411
4	2	3	1	48	403
4	2	3	1	49	475
4	2	3	1	50	338
4	2	3	1	51	458
4	2	3	1	52	162
4	2	3	1	53	84
4	2	3	1	54	138
4	2	3	1	55	92
4	2	3	1	56	220
4	2	3	1	57	93
4	2	3	1	58	118
4	2	3	1	59	148
4	2	3	1	60	104
4	2	3	1	61	394
4	2	3	1	62	45
4	2	3	1	63	179
4	2	3	1	64	420
4	2	3	1	65	461
4	2	3	1	66	150
4	2	3	1	67	481
4	2	3	1	68	477
4	2	3	1	69	434
4	2	3	1	70	125
4	2	3	1	71	357
4	2	3	1	72	141
4	2	3	1	73	372
4	2	3	1	74	412
4	2	3	1	75	7
4	2	3	1	76	211
4	2	3	1	77	413
4	2	3	1	78	128
4	2	3	1	79	308
4	2	3	1	80	327
4	2	3	1	81	115
4	2	3	1	82	450
4	2	3	1	83	64
4	2	3	1	84	387
4	2	3	1	85	12
4	2	3	1	86	70
4	2	3	1	87	101
4	2	3	1	88	395
4	2	3	1	89	21
4	2	3	1	90	203
4	2	3	1	91	58
4	2	3	1	92	305
4	2	3	1	93	8
4	2	3	1	94	432
4	2	3	1	95	44
4	2	3	1	96	383
4	2	3	1	97	4
4	2	3	1	98	167
4	2	3	1	99	448
4	2	3	1	100	216
4	2	4	2	1	100
4	2	4	2	2	315
4	2	4	2	3	145
4	2	4	2	4	151
4	2	4	2	5	202
4	2	4	2	6	73
4	2	4	2	7	198
4	2	4	2	8	50
4	2	4	2	9	365
4	2	4	2	10	446
4	2	4	2	11	1
4	2	4	2	12	136
4	2	4	2	13	319
4	2	4	2	14	177
4	2	4	2	15	332
4	2	4	2	16	393
4	2	4	2	17	307
4	2	4	2	18	57
4	2	4	2	19	87
4	2	4	2	20	112
4	2	4	2	21	124
4	2	4	2	22	399
4	2	4	2	23	111
4	2	4	2	24	449
4	2	4	2	25	180
4	2	4	2	26	342
4	2	4	2	27	81
4	2	4	2	28	361
4	2	4	2	29	407
4	2	4	2	30	85
4	2	4	2	31	71
4	2	4	2	32	86
4	2	4	2	33	460
4	2	4	2	34	380
4	2	4	2	35	479
4	2	4	2	36	209
4	2	4	2	37	378
4	2	4	2	38	476
4	2	4	2	39	386
4	2	4	2	40	123
4	2	4	2	41	66
4	2	4	2	42	401
4	2	4	2	43	29
4	2	4	2	44	347
4	2	4	2	45	219
4	2	4	2	46	38
4	2	4	2	47	367
4	2	4	2	48	174
4	2	4	2	49	207
4	2	4	2	50	154
4	2	4	2	51	193
4	2	4	2	52	135
4	2	4	2	53	472
4	2	4	2	54	371
4	2	4	2	55	384
4	2	4	2	56	377
4	2	4	2	57	468
4	2	4	2	58	462
4	2	4	2	59	172
4	2	4	2	60	443
4	2	4	2	61	354
4	2	4	2	62	208
4	2	4	2	63	106
4	2	4	2	64	55
4	2	4	2	65	107
4	2	4	2	66	471
4	2	4	2	67	373
4	2	4	2	68	194
4	2	4	2	69	65
4	2	4	2	70	178
4	2	4	2	71	430
4	2	4	2	72	165
4	2	4	2	73	25
4	2	4	2	74	127
4	2	4	2	75	60
4	2	4	2	76	343
4	2	4	2	77	427
4	2	4	2	78	358
4	2	4	2	79	153
4	2	4	2	80	9
4	2	4	2	81	133
4	2	4	2	82	37
4	2	4	2	83	182
4	2	4	2	84	97
4	2	4	2	85	204
4	2	4	2	86	16
4	2	4	2	87	467
4	2	4	2	88	408
4	2	4	2	89	18
4	2	4	2	90	33
4	2	4	2	91	306
4	2	4	2	92	478
4	2	4	2	93	212
4	2	4	2	94	108
4	2	4	2	95	388
4	2	4	2	96	30
4	2	4	2	97	23
4	2	4	2	98	415
4	2	4	2	99	184
4	2	4	2	100	164
5	1	1	1	1	401
5	1	1	1	2	28
5	1	1	1	3	63
5	1	1	1	4	208
5	1	1	1	5	213
5	1	1	1	6	22
5	1	1	1	7	140
5	1	1	1	8	432
5	1	1	1	9	139
5	1	1	1	10	200
5	1	1	1	11	451
5	1	1	1	12	80
5	1	1	1	13	39
5	1	1	1	14	141
5	1	1	1	15	343
5	1	1	1	16	303
5	1	1	1	17	179
5	1	1	1	18	153
5	1	1	1	19	81
5	1	1	1	20	408
5	1	1	1	21	128
5	1	1	1	22	403
5	1	1	1	23	91
5	1	1	1	24	386
5	1	1	1	25	93
5	1	1	1	26	87
5	1	1	1	27	440
5	1	1	1	28	82
5	1	1	1	29	405
5	1	1	1	30	126
5	1	1	1	31	64
5	1	1	1	32	456
5	1	1	1	33	21
5	1	1	1	34	12
5	1	1	1	35	464
5	1	1	1	36	147
5	1	1	1	37	31
5	1	1	1	38	423
5	1	1	1	39	7
5	1	1	1	40	120
5	1	1	1	41	216
5	1	1	1	42	379
5	1	1	1	43	59
5	1	1	1	44	71
5	1	1	1	45	450
5	1	1	1	46	388
5	1	1	1	47	390
5	1	1	1	48	118
5	1	1	1	49	23
5	1	1	1	50	138
5	1	1	1	51	119
5	1	1	1	52	11
5	1	1	1	53	368
5	1	1	1	54	61
5	1	1	1	55	159
5	1	1	1	56	218
5	1	1	1	57	338
5	1	1	1	58	210
5	1	1	1	59	392
5	1	1	1	60	125
5	1	1	1	61	334
5	1	1	1	62	89
5	1	1	1	63	97
5	1	1	1	64	134
5	1	1	1	65	149
5	1	1	1	66	88
5	1	1	1	67	430
5	1	1	1	68	415
5	1	1	1	69	431
5	1	1	1	70	183
5	1	1	1	71	211
5	1	1	1	72	70
5	1	1	1	73	29
5	1	1	1	74	420
5	1	1	1	75	448
5	1	1	1	76	374
5	1	1	1	77	349
5	1	1	1	78	366
5	1	1	1	79	166
5	1	1	1	80	43
5	1	1	1	81	1
5	1	1	1	82	398
5	1	1	1	83	172
5	1	1	1	84	482
5	1	1	1	85	463
5	1	1	1	86	339
5	1	1	1	87	214
5	1	1	1	88	181
5	1	1	1	89	175
5	1	1	1	90	441
5	1	1	1	91	27
5	1	1	1	92	378
5	1	1	1	93	133
5	1	1	1	94	399
5	1	1	1	95	396
5	1	1	1	96	363
5	1	1	1	97	32
5	1	1	1	98	354
5	1	1	1	99	111
5	1	1	1	100	107
5	1	2	2	1	33
5	1	2	2	2	383
5	1	2	2	3	100
5	1	2	2	4	395
5	1	2	2	5	94
5	1	2	2	6	428
5	1	2	2	7	106
5	1	2	2	8	326
5	1	2	2	9	424
5	1	2	2	10	310
5	1	2	2	11	433
5	1	2	2	12	457
5	1	2	2	13	429
5	1	2	2	14	381
5	1	2	2	15	96
5	1	2	2	16	470
5	1	2	2	17	410
5	1	2	2	18	194
5	1	2	2	19	319
5	1	2	2	20	427
5	1	2	2	21	471
5	1	2	2	22	452
5	1	2	2	23	198
5	1	2	2	24	220
5	1	2	2	25	187
5	1	2	2	26	116
5	1	2	2	27	460
5	1	2	2	28	86
5	1	2	2	29	178
5	1	2	2	30	51
5	1	2	2	31	171
5	1	2	2	32	154
5	1	2	2	33	19
5	1	2	2	34	24
5	1	2	2	35	350
5	1	2	2	36	205
5	1	2	2	37	148
5	1	2	2	38	162
5	1	2	2	39	150
5	1	2	2	40	400
5	1	2	2	41	364
5	1	2	2	42	425
5	1	2	2	43	435
5	1	2	2	44	444
5	1	2	2	45	371
5	1	2	2	46	314
5	1	2	2	47	311
5	1	2	2	48	325
5	1	2	2	49	394
5	1	2	2	50	5
5	1	2	2	51	157
5	1	2	2	52	98
5	1	2	2	53	308
5	1	2	2	54	197
5	1	2	2	55	202
5	1	2	2	56	99
5	1	2	2	57	75
5	1	2	2	58	177
5	1	2	2	59	101
5	1	2	2	60	58
5	1	2	2	61	422
5	1	2	2	62	9
5	1	2	2	63	78
5	1	2	2	64	143
5	1	2	2	65	136
5	1	2	2	66	351
5	1	2	2	67	152
5	1	2	2	68	207
5	1	2	2	69	144
5	1	2	2	70	184
5	1	2	2	71	53
5	1	2	2	72	439
5	1	2	2	73	397
5	1	2	2	74	215
5	1	2	2	75	317
5	1	2	2	76	455
5	1	2	2	77	330
5	1	2	2	78	348
5	1	2	2	79	112
5	1	2	2	80	83
5	1	2	2	81	79
5	1	2	2	82	129
5	1	2	2	83	6
5	1	2	2	84	132
5	1	2	2	85	34
5	1	2	2	86	370
5	1	2	2	87	180
5	1	2	2	88	196
5	1	2	2	89	453
5	1	2	2	90	437
5	1	2	2	91	359
5	1	2	2	92	102
5	1	2	2	93	331
5	1	2	2	94	8
5	1	2	2	95	76
5	1	2	2	96	203
5	1	2	2	97	480
5	1	2	2	98	18
5	1	2	2	99	406
5	1	2	2	100	186
5	2	3	1	1	130
5	2	3	1	2	365
5	2	3	1	3	481
5	2	3	1	4	393
5	2	3	1	5	369
5	2	3	1	6	446
5	2	3	1	7	124
5	2	3	1	8	4
5	2	3	1	9	373
5	2	3	1	10	376
5	2	3	1	11	161
5	2	3	1	12	332
5	2	3	1	13	191
5	2	3	1	14	44
5	2	3	1	15	333
5	2	3	1	16	10
5	2	3	1	17	358
5	2	3	1	18	164
5	2	3	1	19	304
5	2	3	1	20	385
5	2	3	1	21	20
5	2	3	1	22	313
5	2	3	1	23	329
5	2	3	1	24	346
5	2	3	1	25	419
5	2	3	1	26	342
5	2	3	1	27	122
5	2	3	1	28	2
5	2	3	1	29	309
5	2	3	1	30	56
5	2	3	1	31	113
5	2	3	1	32	466
5	2	3	1	33	173
5	2	3	1	34	417
5	2	3	1	35	347
5	2	3	1	36	449
5	2	3	1	37	361
5	2	3	1	38	49
5	2	3	1	39	169
5	2	3	1	40	54
5	2	3	1	41	50
5	2	3	1	42	193
5	2	3	1	43	306
5	2	3	1	44	341
5	2	3	1	45	421
5	2	3	1	46	384
5	2	3	1	47	324
5	2	3	1	48	174
5	2	3	1	49	337
5	2	3	1	50	3
5	2	3	1	51	199
5	2	3	1	52	60
5	2	3	1	53	360
5	2	3	1	54	104
5	2	3	1	55	217
5	2	3	1	56	454
5	2	3	1	57	409
5	2	3	1	58	328
5	2	3	1	59	16
5	2	3	1	60	84
5	2	3	1	61	65
5	2	3	1	62	372
5	2	3	1	63	52
5	2	3	1	64	468
5	2	3	1	65	407
5	2	3	1	66	72
5	2	3	1	67	404
5	2	3	1	68	322
5	2	3	1	69	121
5	2	3	1	70	382
5	2	3	1	71	209
5	2	3	1	72	195
5	2	3	1	73	185
5	2	3	1	74	335
5	2	3	1	75	95
5	2	3	1	76	352
5	2	3	1	77	30
5	2	3	1	78	131
5	2	3	1	79	473
5	2	3	1	80	445
5	2	3	1	81	114
5	2	3	1	82	146
5	2	3	1	83	73
5	2	3	1	84	479
5	2	3	1	85	443
5	2	3	1	86	447
5	2	3	1	87	123
5	2	3	1	88	66
5	2	3	1	89	302
5	2	3	1	90	55
5	2	3	1	91	192
5	2	3	1	92	467
5	2	3	1	93	26
5	2	3	1	94	117
5	2	3	1	95	411
5	2	3	1	96	25
5	2	3	1	97	156
5	2	3	1	98	474
5	2	3	1	99	35
5	2	3	1	100	167
5	2	4	2	1	340
5	2	4	2	2	367
5	2	4	2	3	357
5	2	4	2	4	46
5	2	4	2	5	77
5	2	4	2	6	17
5	2	4	2	7	15
5	2	4	2	8	377
5	2	4	2	9	462
5	2	4	2	10	14
5	2	4	2	11	418
5	2	4	2	12	45
5	2	4	2	13	345
5	2	4	2	14	323
5	2	4	2	15	155
5	2	4	2	16	74
5	2	4	2	17	62
5	2	4	2	18	137
5	2	4	2	19	327
5	2	4	2	20	459
5	2	4	2	21	355
5	2	4	2	22	465
5	2	4	2	23	36
5	2	4	2	24	458
5	2	4	2	25	380
5	2	4	2	26	305
5	2	4	2	27	47
5	2	4	2	28	142
5	2	4	2	29	219
5	2	4	2	30	13
5	2	4	2	31	478
5	2	4	2	32	42
5	2	4	2	33	212
5	2	4	2	34	165
5	2	4	2	35	356
5	2	4	2	36	387
5	2	4	2	37	438
5	2	4	2	38	375
5	2	4	2	39	109
5	2	4	2	40	206
5	2	4	2	41	160
5	2	4	2	42	315
5	2	4	2	43	344
5	2	4	2	44	127
5	2	4	2	45	115
5	2	4	2	46	362
5	2	4	2	47	90
5	2	4	2	48	41
5	2	4	2	49	472
5	2	4	2	50	391
5	2	4	2	51	190
5	2	4	2	52	436
5	2	4	2	53	312
5	2	4	2	54	168
5	2	4	2	55	469
5	2	4	2	56	48
5	2	4	2	57	442
5	2	4	2	58	57
5	2	4	2	59	353
5	2	4	2	60	414
5	2	4	2	61	135
5	2	4	2	62	389
5	2	4	2	63	321
5	2	4	2	64	158
5	2	4	2	65	182
5	2	4	2	66	413
5	2	4	2	67	85
5	2	4	2	68	105
5	2	4	2	69	145
5	2	4	2	70	402
5	2	4	2	71	476
5	2	4	2	72	37
5	2	4	2	73	461
5	2	4	2	74	307
5	2	4	2	75	67
5	2	4	2	76	318
5	2	4	2	77	477
5	2	4	2	78	163
5	2	4	2	79	320
5	2	4	2	80	170
5	2	4	2	81	176
5	2	4	2	82	151
5	2	4	2	83	336
5	2	4	2	84	92
5	2	4	2	85	69
5	2	4	2	86	38
5	2	4	2	87	316
5	2	4	2	88	68
5	2	4	2	89	204
5	2	4	2	90	188
5	2	4	2	91	103
5	2	4	2	92	416
5	2	4	2	93	301
5	2	4	2	94	434
5	2	4	2	95	201
5	2	4	2	96	412
5	2	4	2	97	108
5	2	4	2	98	40
5	2	4	2	99	475
5	2	4	2	100	426
6	1	1	1	1	14
6	1	1	1	2	87
6	1	1	1	3	220
6	1	1	1	4	135
6	1	1	1	5	6
6	1	1	1	6	366
6	1	1	1	7	384
6	1	1	1	8	170
6	1	1	1	9	347
6	1	1	1	10	175
6	1	1	1	11	318
6	1	1	1	12	207
6	1	1	1	13	413
6	1	1	1	14	94
6	1	1	1	15	479
6	1	1	1	16	184
6	1	1	1	17	98
6	1	1	1	18	127
6	1	1	1	19	458
6	1	1	1	20	91
6	1	1	1	21	396
6	1	1	1	22	11
6	1	1	1	23	84
6	1	1	1	24	88
6	1	1	1	25	482
6	1	1	1	26	481
6	1	1	1	27	353
6	1	1	1	28	448
6	1	1	1	29	338
6	1	1	1	30	407
6	1	1	1	31	340
6	1	1	1	32	301
6	1	1	1	33	428
6	1	1	1	34	387
6	1	1	1	35	391
6	1	1	1	36	478
6	1	1	1	37	350
6	1	1	1	38	10
6	1	1	1	39	453
6	1	1	1	40	30
6	1	1	1	41	427
6	1	1	1	42	103
6	1	1	1	43	373
6	1	1	1	44	369
6	1	1	1	45	321
6	1	1	1	46	74
6	1	1	1	47	362
6	1	1	1	48	193
6	1	1	1	49	449
6	1	1	1	50	138
6	1	1	1	51	112
6	1	1	1	52	16
6	1	1	1	53	40
6	1	1	1	54	174
6	1	1	1	55	86
6	1	1	1	56	214
6	1	1	1	57	205
6	1	1	1	58	191
6	1	1	1	59	333
6	1	1	1	60	456
6	1	1	1	61	397
6	1	1	1	62	148
6	1	1	1	63	204
6	1	1	1	64	323
6	1	1	1	65	114
6	1	1	1	66	192
6	1	1	1	67	59
6	1	1	1	68	202
6	1	1	1	69	147
6	1	1	1	70	385
6	1	1	1	71	162
6	1	1	1	72	149
6	1	1	1	73	9
6	1	1	1	74	461
6	1	1	1	75	360
6	1	1	1	76	381
6	1	1	1	77	169
6	1	1	1	78	364
6	1	1	1	79	469
6	1	1	1	80	405
6	1	1	1	81	100
6	1	1	1	82	142
6	1	1	1	83	145
6	1	1	1	84	218
6	1	1	1	85	443
6	1	1	1	86	358
6	1	1	1	87	2
6	1	1	1	88	468
6	1	1	1	89	93
6	1	1	1	90	151
6	1	1	1	91	179
6	1	1	1	92	83
6	1	1	1	93	441
6	1	1	1	94	137
6	1	1	1	95	359
6	1	1	1	96	322
6	1	1	1	97	95
6	1	1	1	98	85
6	1	1	1	99	161
6	1	1	1	100	422
6	1	2	2	1	368
6	1	2	2	2	58
6	1	2	2	3	414
6	1	2	2	4	452
6	1	2	2	5	325
6	1	2	2	6	188
6	1	2	2	7	429
6	1	2	2	8	475
6	1	2	2	9	386
6	1	2	2	10	344
6	1	2	2	11	471
6	1	2	2	12	130
6	1	2	2	13	215
6	1	2	2	14	208
6	1	2	2	15	313
6	1	2	2	16	345
6	1	2	2	17	21
6	1	2	2	18	470
6	1	2	2	19	305
6	1	2	2	20	355
6	1	2	2	21	302
6	1	2	2	22	418
6	1	2	2	23	8
6	1	2	2	24	326
6	1	2	2	25	210
6	1	2	2	26	399
6	1	2	2	27	124
6	1	2	2	28	53
6	1	2	2	29	51
6	1	2	2	30	460
6	1	2	2	31	307
6	1	2	2	32	314
6	1	2	2	33	346
6	1	2	2	34	372
6	1	2	2	35	201
6	1	2	2	36	392
6	1	2	2	37	446
6	1	2	2	38	61
6	1	2	2	39	327
6	1	2	2	40	44
6	1	2	2	41	165
6	1	2	2	42	457
6	1	2	2	43	158
6	1	2	2	44	430
6	1	2	2	45	12
6	1	2	2	46	70
6	1	2	2	47	304
6	1	2	2	48	476
6	1	2	2	49	309
6	1	2	2	50	155
6	1	2	2	51	312
6	1	2	2	52	41
6	1	2	2	53	371
6	1	2	2	54	171
6	1	2	2	55	198
6	1	2	2	56	101
6	1	2	2	57	203
6	1	2	2	58	3
6	1	2	2	59	131
6	1	2	2	60	67
6	1	2	2	61	108
6	1	2	2	62	415
6	1	2	2	63	43
6	1	2	2	64	310
6	1	2	2	65	376
6	1	2	2	66	36
6	1	2	2	67	24
6	1	2	2	68	195
6	1	2	2	69	118
6	1	2	2	70	62
6	1	2	2	71	18
6	1	2	2	72	33
6	1	2	2	73	146
6	1	2	2	74	120
6	1	2	2	75	335
6	1	2	2	76	450
6	1	2	2	77	164
6	1	2	2	78	306
6	1	2	2	79	20
6	1	2	2	80	73
6	1	2	2	81	311
6	1	2	2	82	320
6	1	2	2	83	447
6	1	2	2	84	324
6	1	2	2	85	438
6	1	2	2	86	54
6	1	2	2	87	50
6	1	2	2	88	126
6	1	2	2	89	356
6	1	2	2	90	152
6	1	2	2	91	111
6	1	2	2	92	1
6	1	2	2	93	79
6	1	2	2	94	194
6	1	2	2	95	370
6	1	2	2	96	401
6	1	2	2	97	393
6	1	2	2	98	190
6	1	2	2	99	308
6	1	2	2	100	27
6	2	3	1	1	379
6	2	3	1	2	115
6	2	3	1	3	29
6	2	3	1	4	78
6	2	3	1	5	173
6	2	3	1	6	432
6	2	3	1	7	49
6	2	3	1	8	109
6	2	3	1	9	464
6	2	3	1	10	5
6	2	3	1	11	38
6	2	3	1	12	217
6	2	3	1	13	329
6	2	3	1	14	411
6	2	3	1	15	336
6	2	3	1	16	477
6	2	3	1	17	480
6	2	3	1	18	185
6	2	3	1	19	180
6	2	3	1	20	183
6	2	3	1	21	431
6	2	3	1	22	436
6	2	3	1	23	157
6	2	3	1	24	200
6	2	3	1	25	383
6	2	3	1	26	380
6	2	3	1	27	136
6	2	3	1	28	4
6	2	3	1	29	433
6	2	3	1	30	56
6	2	3	1	31	47
6	2	3	1	32	26
6	2	3	1	33	116
6	2	3	1	34	421
6	2	3	1	35	42
6	2	3	1	36	178
6	2	3	1	37	425
6	2	3	1	38	334
6	2	3	1	39	46
6	2	3	1	40	374
6	2	3	1	41	177
6	2	3	1	42	182
6	2	3	1	43	400
6	2	3	1	44	454
6	2	3	1	45	375
6	2	3	1	46	219
6	2	3	1	47	349
6	2	3	1	48	352
6	2	3	1	49	122
6	2	3	1	50	303
6	2	3	1	51	15
6	2	3	1	52	68
6	2	3	1	53	168
6	2	3	1	54	39
6	2	3	1	55	104
6	2	3	1	56	45
6	2	3	1	57	330
6	2	3	1	58	113
6	2	3	1	59	419
6	2	3	1	60	459
6	2	3	1	61	48
6	2	3	1	62	172
6	2	3	1	63	128
6	2	3	1	64	467
6	2	3	1	65	57
6	2	3	1	66	211
6	2	3	1	67	159
6	2	3	1	68	129
6	2	3	1	69	72
6	2	3	1	70	133
6	2	3	1	71	89
6	2	3	1	72	398
6	2	3	1	73	409
6	2	3	1	74	92
6	2	3	1	75	31
6	2	3	1	76	176
6	2	3	1	77	99
6	2	3	1	78	455
6	2	3	1	79	82
6	2	3	1	80	163
6	2	3	1	81	52
6	2	3	1	82	440
6	2	3	1	83	55
6	2	3	1	84	216
6	2	3	1	85	402
6	2	3	1	86	357
6	2	3	1	87	71
6	2	3	1	88	77
6	2	3	1	89	105
6	2	3	1	90	90
6	2	3	1	91	404
6	2	3	1	92	37
6	2	3	1	93	96
6	2	3	1	94	102
6	2	3	1	95	143
6	2	3	1	96	378
6	2	3	1	97	141
6	2	3	1	98	343
6	2	3	1	99	17
6	2	3	1	100	34
6	2	4	2	1	69
6	2	4	2	2	22
6	2	4	2	3	474
6	2	4	2	4	7
6	2	4	2	5	75
6	2	4	2	6	125
6	2	4	2	7	134
6	2	4	2	8	341
6	2	4	2	9	187
6	2	4	2	10	144
6	2	4	2	11	209
6	2	4	2	12	434
6	2	4	2	13	76
6	2	4	2	14	462
6	2	4	2	15	317
6	2	4	2	16	395
6	2	4	2	17	412
6	2	4	2	18	410
6	2	4	2	19	420
6	2	4	2	20	153
6	2	4	2	21	212
6	2	4	2	22	80
6	2	4	2	23	206
6	2	4	2	24	363
6	2	4	2	25	97
6	2	4	2	26	199
6	2	4	2	27	319
6	2	4	2	28	331
6	2	4	2	29	367
6	2	4	2	30	156
6	2	4	2	31	424
6	2	4	2	32	444
6	2	4	2	33	154
6	2	4	2	34	388
6	2	4	2	35	437
6	2	4	2	36	64
6	2	4	2	37	466
6	2	4	2	38	403
6	2	4	2	39	328
6	2	4	2	40	416
6	2	4	2	41	197
6	2	4	2	42	426
6	2	4	2	43	106
6	2	4	2	44	382
6	2	4	2	45	32
6	2	4	2	46	35
6	2	4	2	47	445
6	2	4	2	48	451
6	2	4	2	49	139
6	2	4	2	50	408
6	2	4	2	51	121
6	2	4	2	52	140
6	2	4	2	53	394
6	2	4	2	54	65
6	2	4	2	55	150
6	2	4	2	56	19
6	2	4	2	57	463
6	2	4	2	58	107
6	2	4	2	59	166
6	2	4	2	60	439
6	2	4	2	61	196
6	2	4	2	62	348
6	2	4	2	63	361
6	2	4	2	64	465
6	2	4	2	65	160
6	2	4	2	66	123
6	2	4	2	67	25
6	2	4	2	68	390
6	2	4	2	69	354
6	2	4	2	70	442
6	2	4	2	71	406
6	2	4	2	72	417
6	2	4	2	73	23
6	2	4	2	74	167
6	2	4	2	75	389
6	2	4	2	76	81
6	2	4	2	77	132
6	2	4	2	78	213
6	2	4	2	79	473
6	2	4	2	80	60
6	2	4	2	81	332
6	2	4	2	82	337
6	2	4	2	83	119
6	2	4	2	84	13
6	2	4	2	85	315
6	2	4	2	86	316
6	2	4	2	87	351
6	2	4	2	88	342
6	2	4	2	89	435
6	2	4	2	90	377
6	2	4	2	91	423
6	2	4	2	92	28
6	2	4	2	93	472
6	2	4	2	94	339
6	2	4	2	95	117
6	2	4	2	96	186
6	2	4	2	97	365
6	2	4	2	98	66
6	2	4	2	99	63
6	2	4	2	100	181
7	1	1	1	1	156
7	1	1	1	2	103
7	1	1	1	3	329
7	1	1	1	4	129
7	1	1	1	5	115
7	1	1	1	6	422
7	1	1	1	7	64
7	1	1	1	8	311
7	1	1	1	9	400
7	1	1	1	10	398
7	1	1	1	11	211
7	1	1	1	12	328
7	1	1	1	13	458
7	1	1	1	14	220
7	1	1	1	15	459
7	1	1	1	16	60
7	1	1	1	17	57
7	1	1	1	18	348
7	1	1	1	19	337
7	1	1	1	20	460
7	1	1	1	21	367
7	1	1	1	22	213
7	1	1	1	23	359
7	1	1	1	24	73
7	1	1	1	25	466
7	1	1	1	26	198
7	1	1	1	27	335
7	1	1	1	28	171
7	1	1	1	29	350
7	1	1	1	30	413
7	1	1	1	31	418
7	1	1	1	32	360
7	1	1	1	33	27
7	1	1	1	34	23
7	1	1	1	35	121
7	1	1	1	36	469
7	1	1	1	37	379
7	1	1	1	38	181
7	1	1	1	39	212
7	1	1	1	40	320
7	1	1	1	41	425
7	1	1	1	42	452
7	1	1	1	43	352
7	1	1	1	44	137
7	1	1	1	45	463
7	1	1	1	46	130
7	1	1	1	47	406
7	1	1	1	48	308
7	1	1	1	49	21
7	1	1	1	50	301
7	1	1	1	51	150
7	1	1	1	52	314
7	1	1	1	53	372
7	1	1	1	54	91
7	1	1	1	55	3
7	1	1	1	56	106
7	1	1	1	57	140
7	1	1	1	58	125
7	1	1	1	59	373
7	1	1	1	60	4
7	1	1	1	61	410
7	1	1	1	62	333
7	1	1	1	63	353
7	1	1	1	64	82
7	1	1	1	65	356
7	1	1	1	66	149
7	1	1	1	67	59
7	1	1	1	68	131
7	1	1	1	69	194
7	1	1	1	70	190
7	1	1	1	71	5
7	1	1	1	72	204
7	1	1	1	73	144
7	1	1	1	74	173
7	1	1	1	75	305
7	1	1	1	76	138
7	1	1	1	77	430
7	1	1	1	78	307
7	1	1	1	79	12
7	1	1	1	80	54
7	1	1	1	81	77
7	1	1	1	82	332
7	1	1	1	83	215
7	1	1	1	84	438
7	1	1	1	85	169
7	1	1	1	86	141
7	1	1	1	87	358
7	1	1	1	88	159
7	1	1	1	89	318
7	1	1	1	90	435
7	1	1	1	91	119
7	1	1	1	92	188
7	1	1	1	93	394
7	1	1	1	94	134
7	1	1	1	95	445
7	1	1	1	96	78
7	1	1	1	97	409
7	1	1	1	98	384
7	1	1	1	99	302
7	1	1	1	100	363
7	1	2	2	1	467
7	1	2	2	2	151
7	1	2	2	3	331
7	1	2	2	4	412
7	1	2	2	5	419
7	1	2	2	6	160
7	1	2	2	7	67
7	1	2	2	8	157
7	1	2	2	9	120
7	1	2	2	10	26
7	1	2	2	11	383
7	1	2	2	12	357
7	1	2	2	13	200
7	1	2	2	14	19
7	1	2	2	15	89
7	1	2	2	16	11
7	1	2	2	17	206
7	1	2	2	18	87
7	1	2	2	19	478
7	1	2	2	20	92
7	1	2	2	21	58
7	1	2	2	22	362
7	1	2	2	23	153
7	1	2	2	24	403
7	1	2	2	25	317
7	1	2	2	26	133
7	1	2	2	27	148
7	1	2	2	28	122
7	1	2	2	29	139
7	1	2	2	30	162
7	1	2	2	31	214
7	1	2	2	32	93
7	1	2	2	33	192
7	1	2	2	34	481
7	1	2	2	35	191
7	1	2	2	36	50
7	1	2	2	37	108
7	1	2	2	38	479
7	1	2	2	39	199
7	1	2	2	40	18
7	1	2	2	41	369
7	1	2	2	42	32
7	1	2	2	43	472
7	1	2	2	44	389
7	1	2	2	45	414
7	1	2	2	46	321
7	1	2	2	47	22
7	1	2	2	48	43
7	1	2	2	49	468
7	1	2	2	50	1
7	1	2	2	51	186
7	1	2	2	52	184
7	1	2	2	53	55
7	1	2	2	54	364
7	1	2	2	55	450
7	1	2	2	56	427
7	1	2	2	57	386
7	1	2	2	58	316
7	1	2	2	59	447
7	1	2	2	60	83
7	1	2	2	61	31
7	1	2	2	62	402
7	1	2	2	63	36
7	1	2	2	64	326
7	1	2	2	65	53
7	1	2	2	66	193
7	1	2	2	67	407
7	1	2	2	68	475
7	1	2	2	69	75
7	1	2	2	70	392
7	1	2	2	71	152
7	1	2	2	72	443
7	1	2	2	73	176
7	1	2	2	74	381
7	1	2	2	75	312
7	1	2	2	76	146
7	1	2	2	77	175
7	1	2	2	78	163
7	1	2	2	79	13
7	1	2	2	80	462
7	1	2	2	81	76
7	1	2	2	82	179
7	1	2	2	83	38
7	1	2	2	84	309
7	1	2	2	85	319
7	1	2	2	86	424
7	1	2	2	87	84
7	1	2	2	88	334
7	1	2	2	89	33
7	1	2	2	90	366
7	1	2	2	91	29
7	1	2	2	92	71
7	1	2	2	93	63
7	1	2	2	94	399
7	1	2	2	95	377
7	1	2	2	96	143
7	1	2	2	97	203
7	1	2	2	98	453
7	1	2	2	99	41
7	1	2	2	100	24
7	2	3	1	1	136
7	2	3	1	2	339
7	2	3	1	3	65
7	2	3	1	4	86
7	2	3	1	5	101
7	2	3	1	6	9
7	2	3	1	7	158
7	2	3	1	8	165
7	2	3	1	9	104
7	2	3	1	10	304
7	2	3	1	11	391
7	2	3	1	12	219
7	2	3	1	13	346
7	2	3	1	14	456
7	2	3	1	15	95
7	2	3	1	16	88
7	2	3	1	17	351
7	2	3	1	18	112
7	2	3	1	19	464
7	2	3	1	20	174
7	2	3	1	21	44
7	2	3	1	22	378
7	2	3	1	23	25
7	2	3	1	24	208
7	2	3	1	25	51
7	2	3	1	26	111
7	2	3	1	27	461
7	2	3	1	28	145
7	2	3	1	29	56
7	2	3	1	30	14
7	2	3	1	31	161
7	2	3	1	32	123
7	2	3	1	33	109
7	2	3	1	34	167
7	2	3	1	35	10
7	2	3	1	36	423
7	2	3	1	37	470
7	2	3	1	38	313
7	2	3	1	39	170
7	2	3	1	40	94
7	2	3	1	41	436
7	2	3	1	42	185
7	2	3	1	43	395
7	2	3	1	44	347
7	2	3	1	45	340
7	2	3	1	46	385
7	2	3	1	47	341
7	2	3	1	48	390
7	2	3	1	49	52
7	2	3	1	50	354
7	2	3	1	51	90
7	2	3	1	52	180
7	2	3	1	53	154
7	2	3	1	54	408
7	2	3	1	55	72
7	2	3	1	56	47
7	2	3	1	57	416
7	2	3	1	58	48
7	2	3	1	59	455
7	2	3	1	60	113
7	2	3	1	61	178
7	2	3	1	62	117
7	2	3	1	63	164
7	2	3	1	64	100
7	2	3	1	65	397
7	2	3	1	66	411
7	2	3	1	67	61
7	2	3	1	68	396
7	2	3	1	69	448
7	2	3	1	70	368
7	2	3	1	71	446
7	2	3	1	72	102
7	2	3	1	73	68
7	2	3	1	74	28
7	2	3	1	75	205
7	2	3	1	76	442
7	2	3	1	77	217
7	2	3	1	78	393
7	2	3	1	79	382
7	2	3	1	80	16
7	2	3	1	81	370
7	2	3	1	82	371
7	2	3	1	83	114
7	2	3	1	84	474
7	2	3	1	85	197
7	2	3	1	86	30
7	2	3	1	87	344
7	2	3	1	88	322
7	2	3	1	89	349
7	2	3	1	90	439
7	2	3	1	91	361
7	2	3	1	92	42
7	2	3	1	93	376
7	2	3	1	94	17
7	2	3	1	95	39
7	2	3	1	96	37
7	2	3	1	97	126
7	2	3	1	98	177
7	2	3	1	99	303
7	2	3	1	100	417
7	2	4	2	1	107
7	2	4	2	2	345
7	2	4	2	3	105
7	2	4	2	4	187
7	2	4	2	5	98
7	2	4	2	6	380
7	2	4	2	7	8
7	2	4	2	8	476
7	2	4	2	9	365
7	2	4	2	10	375
7	2	4	2	11	209
7	2	4	2	12	70
7	2	4	2	13	342
7	2	4	2	14	155
7	2	4	2	15	127
7	2	4	2	16	99
7	2	4	2	17	2
7	2	4	2	18	355
7	2	4	2	19	20
7	2	4	2	20	420
7	2	4	2	21	166
7	2	4	2	22	433
7	2	4	2	23	454
7	2	4	2	24	81
7	2	4	2	25	207
7	2	4	2	26	135
7	2	4	2	27	401
7	2	4	2	28	183
7	2	4	2	29	45
7	2	4	2	30	415
7	2	4	2	31	132
7	2	4	2	32	216
7	2	4	2	33	69
7	2	4	2	34	325
7	2	4	2	35	195
7	2	4	2	36	327
7	2	4	2	37	451
7	2	4	2	38	196
7	2	4	2	39	80
7	2	4	2	40	97
7	2	4	2	41	306
7	2	4	2	42	477
7	2	4	2	43	7
7	2	4	2	44	471
7	2	4	2	45	465
7	2	4	2	46	441
7	2	4	2	47	444
7	2	4	2	48	85
7	2	4	2	49	128
7	2	4	2	50	315
7	2	4	2	51	323
7	2	4	2	52	74
7	2	4	2	53	15
7	2	4	2	54	480
7	2	4	2	55	388
7	2	4	2	56	473
7	2	4	2	57	34
7	2	4	2	58	482
7	2	4	2	59	338
7	2	4	2	60	431
7	2	4	2	61	426
7	2	4	2	62	336
7	2	4	2	63	421
7	2	4	2	64	116
7	2	4	2	65	142
7	2	4	2	66	449
7	2	4	2	67	405
7	2	4	2	68	432
7	2	4	2	69	202
7	2	4	2	70	66
7	2	4	2	71	218
7	2	4	2	72	374
7	2	4	2	73	330
7	2	4	2	74	40
7	2	4	2	75	147
7	2	4	2	76	429
7	2	4	2	77	201
7	2	4	2	78	168
7	2	4	2	79	79
7	2	4	2	80	124
7	2	4	2	81	440
7	2	4	2	82	46
7	2	4	2	83	457
7	2	4	2	84	49
7	2	4	2	85	434
7	2	4	2	86	182
7	2	4	2	87	6
7	2	4	2	88	96
7	2	4	2	89	343
7	2	4	2	90	172
7	2	4	2	91	35
7	2	4	2	92	62
7	2	4	2	93	437
7	2	4	2	94	428
7	2	4	2	95	210
7	2	4	2	96	387
7	2	4	2	97	310
7	2	4	2	98	324
7	2	4	2	99	404
7	2	4	2	100	118
8	1	1	1	1	397
8	1	1	1	2	480
8	1	1	1	3	177
8	1	1	1	4	458
8	1	1	1	5	58
8	1	1	1	6	34
8	1	1	1	7	149
8	1	1	1	8	24
8	1	1	1	9	158
8	1	1	1	10	341
8	1	1	1	11	165
8	1	1	1	12	439
8	1	1	1	13	109
8	1	1	1	14	100
8	1	1	1	15	423
8	1	1	1	16	374
8	1	1	1	17	92
8	1	1	1	18	103
8	1	1	1	19	153
8	1	1	1	20	362
8	1	1	1	21	462
8	1	1	1	22	84
8	1	1	1	23	445
8	1	1	1	24	375
8	1	1	1	25	98
8	1	1	1	26	309
8	1	1	1	27	429
8	1	1	1	28	184
8	1	1	1	29	56
8	1	1	1	30	353
8	1	1	1	31	325
8	1	1	1	32	164
8	1	1	1	33	194
8	1	1	1	34	315
8	1	1	1	35	188
8	1	1	1	36	344
8	1	1	1	37	127
8	1	1	1	38	440
8	1	1	1	39	45
8	1	1	1	40	62
8	1	1	1	41	368
8	1	1	1	42	376
8	1	1	1	43	104
8	1	1	1	44	438
8	1	1	1	45	395
8	1	1	1	46	447
8	1	1	1	47	476
8	1	1	1	48	86
8	1	1	1	49	419
8	1	1	1	50	214
8	1	1	1	51	30
8	1	1	1	52	391
8	1	1	1	53	211
8	1	1	1	54	128
8	1	1	1	55	141
8	1	1	1	56	11
8	1	1	1	57	367
8	1	1	1	58	131
8	1	1	1	59	388
8	1	1	1	60	201
8	1	1	1	61	416
8	1	1	1	62	96
8	1	1	1	63	37
8	1	1	1	64	29
8	1	1	1	65	90
8	1	1	1	66	372
8	1	1	1	67	380
8	1	1	1	68	111
8	1	1	1	69	10
8	1	1	1	70	431
8	1	1	1	71	408
8	1	1	1	72	40
8	1	1	1	73	329
8	1	1	1	74	444
8	1	1	1	75	20
8	1	1	1	76	83
8	1	1	1	77	74
8	1	1	1	78	33
8	1	1	1	79	154
8	1	1	1	80	381
8	1	1	1	81	148
8	1	1	1	82	421
8	1	1	1	83	197
8	1	1	1	84	25
8	1	1	1	85	142
8	1	1	1	86	143
8	1	1	1	87	407
8	1	1	1	88	80
8	1	1	1	89	471
8	1	1	1	90	390
8	1	1	1	91	53
8	1	1	1	92	413
8	1	1	1	93	173
8	1	1	1	94	313
8	1	1	1	95	85
8	1	1	1	96	2
8	1	1	1	97	322
8	1	1	1	98	346
8	1	1	1	99	209
8	1	1	1	100	442
8	1	2	2	1	389
8	1	2	2	2	195
8	1	2	2	3	332
8	1	2	2	4	17
8	1	2	2	5	301
8	1	2	2	6	26
8	1	2	2	7	170
8	1	2	2	8	97
8	1	2	2	9	162
8	1	2	2	10	108
8	1	2	2	11	418
8	1	2	2	12	308
8	1	2	2	13	64
8	1	2	2	14	51
8	1	2	2	15	137
8	1	2	2	16	102
8	1	2	2	17	95
8	1	2	2	18	161
8	1	2	2	19	319
8	1	2	2	20	198
8	1	2	2	21	76
8	1	2	2	22	477
8	1	2	2	23	5
8	1	2	2	24	303
8	1	2	2	25	191
8	1	2	2	26	190
8	1	2	2	27	181
8	1	2	2	28	451
8	1	2	2	29	44
8	1	2	2	30	302
8	1	2	2	31	411
8	1	2	2	32	457
8	1	2	2	33	360
8	1	2	2	34	36
8	1	2	2	35	354
8	1	2	2	36	320
8	1	2	2	37	50
8	1	2	2	38	459
8	1	2	2	39	317
8	1	2	2	40	46
8	1	2	2	41	467
8	1	2	2	42	122
8	1	2	2	43	312
8	1	2	2	44	454
8	1	2	2	45	449
8	1	2	2	46	163
8	1	2	2	47	430
8	1	2	2	48	340
8	1	2	2	49	426
8	1	2	2	50	166
8	1	2	2	51	406
8	1	2	2	52	364
8	1	2	2	53	456
8	1	2	2	54	159
8	1	2	2	55	348
8	1	2	2	56	157
8	1	2	2	57	371
8	1	2	2	58	1
8	1	2	2	59	394
8	1	2	2	60	437
8	1	2	2	61	196
8	1	2	2	62	400
8	1	2	2	63	425
8	1	2	2	64	403
8	1	2	2	65	87
8	1	2	2	66	338
8	1	2	2	67	38
8	1	2	2	68	352
8	1	2	2	69	464
8	1	2	2	70	427
8	1	2	2	71	379
8	1	2	2	72	220
8	1	2	2	73	335
8	1	2	2	74	345
8	1	2	2	75	428
8	1	2	2	76	57
8	1	2	2	77	15
8	1	2	2	78	347
8	1	2	2	79	82
8	1	2	2	80	305
8	1	2	2	81	101
8	1	2	2	82	453
8	1	2	2	83	424
8	1	2	2	84	210
8	1	2	2	85	482
8	1	2	2	86	422
8	1	2	2	87	337
8	1	2	2	88	105
8	1	2	2	89	331
8	1	2	2	90	479
8	1	2	2	91	168
8	1	2	2	92	307
8	1	2	2	93	474
8	1	2	2	94	216
8	1	2	2	95	130
8	1	2	2	96	180
8	1	2	2	97	19
8	1	2	2	98	213
8	1	2	2	99	121
8	1	2	2	100	200
8	2	3	1	1	59
8	2	3	1	2	441
8	2	3	1	3	433
8	2	3	1	4	334
8	2	3	1	5	22
8	2	3	1	6	179
8	2	3	1	7	136
8	2	3	1	8	89
8	2	3	1	9	48
8	2	3	1	10	114
8	2	3	1	11	199
8	2	3	1	12	468
8	2	3	1	13	333
8	2	3	1	14	174
8	2	3	1	15	378
8	2	3	1	16	417
8	2	3	1	17	12
8	2	3	1	18	135
8	2	3	1	19	52
8	2	3	1	20	176
8	2	3	1	21	99
8	2	3	1	22	343
8	2	3	1	23	21
8	2	3	1	24	356
8	2	3	1	25	475
8	2	3	1	26	81
8	2	3	1	27	155
8	2	3	1	28	94
8	2	3	1	29	351
8	2	3	1	30	106
8	2	3	1	31	365
8	2	3	1	32	79
8	2	3	1	33	117
8	2	3	1	34	115
8	2	3	1	35	47
8	2	3	1	36	32
8	2	3	1	37	55
8	2	3	1	38	119
8	2	3	1	39	171
8	2	3	1	40	113
8	2	3	1	41	405
8	2	3	1	42	206
8	2	3	1	43	434
8	2	3	1	44	13
8	2	3	1	45	8
8	2	3	1	46	472
8	2	3	1	47	73
8	2	3	1	48	23
8	2	3	1	49	41
8	2	3	1	50	359
8	2	3	1	51	384
8	2	3	1	52	31
8	2	3	1	53	366
8	2	3	1	54	412
8	2	3	1	55	133
8	2	3	1	56	478
8	2	3	1	57	414
8	2	3	1	58	93
8	2	3	1	59	385
8	2	3	1	60	138
8	2	3	1	61	132
8	2	3	1	62	370
8	2	3	1	63	193
8	2	3	1	64	377
8	2	3	1	65	316
8	2	3	1	66	172
8	2	3	1	67	318
8	2	3	1	68	219
8	2	3	1	69	118
8	2	3	1	70	415
8	2	3	1	71	35
8	2	3	1	72	129
8	2	3	1	73	150
8	2	3	1	74	361
8	2	3	1	75	369
8	2	3	1	76	404
8	2	3	1	77	147
8	2	3	1	78	28
8	2	3	1	79	175
8	2	3	1	80	358
8	2	3	1	81	139
8	2	3	1	82	321
8	2	3	1	83	146
8	2	3	1	84	310
8	2	3	1	85	383
8	2	3	1	86	373
8	2	3	1	87	65
8	2	3	1	88	61
8	2	3	1	89	152
8	2	3	1	90	123
8	2	3	1	91	465
8	2	3	1	92	311
8	2	3	1	93	363
8	2	3	1	94	342
8	2	3	1	95	77
8	2	3	1	96	60
8	2	3	1	97	402
8	2	3	1	98	124
8	2	3	1	99	54
8	2	3	1	100	7
8	2	4	2	1	452
8	2	4	2	2	448
8	2	4	2	3	330
8	2	4	2	4	349
8	2	4	2	5	481
8	2	4	2	6	42
8	2	4	2	7	304
8	2	4	2	8	202
8	2	4	2	9	69
8	2	4	2	10	144
8	2	4	2	11	324
8	2	4	2	12	410
8	2	4	2	13	469
8	2	4	2	14	382
8	2	4	2	15	4
8	2	4	2	16	182
8	2	4	2	17	3
8	2	4	2	18	72
8	2	4	2	19	455
8	2	4	2	20	112
8	2	4	2	21	63
8	2	4	2	22	126
8	2	4	2	23	212
8	2	4	2	24	207
8	2	4	2	25	446
8	2	4	2	26	314
8	2	4	2	27	6
8	2	4	2	28	473
8	2	4	2	29	67
8	2	4	2	30	443
8	2	4	2	31	9
8	2	4	2	32	134
8	2	4	2	33	91
8	2	4	2	34	78
8	2	4	2	35	14
8	2	4	2	36	355
8	2	4	2	37	120
8	2	4	2	38	392
8	2	4	2	39	420
8	2	4	2	40	393
8	2	4	2	41	151
8	2	4	2	42	306
8	2	4	2	43	71
8	2	4	2	44	336
8	2	4	2	45	160
8	2	4	2	46	323
8	2	4	2	47	167
8	2	4	2	48	178
8	2	4	2	49	125
8	2	4	2	50	208
8	2	4	2	51	432
8	2	4	2	52	116
8	2	4	2	53	461
8	2	4	2	54	66
8	2	4	2	55	70
8	2	4	2	56	156
8	2	4	2	57	75
8	2	4	2	58	466
8	2	4	2	59	145
8	2	4	2	60	27
8	2	4	2	61	435
8	2	4	2	62	463
8	2	4	2	63	18
8	2	4	2	64	396
8	2	4	2	65	387
8	2	4	2	66	187
8	2	4	2	67	140
8	2	4	2	68	218
8	2	4	2	69	68
8	2	4	2	70	205
8	2	4	2	71	185
8	2	4	2	72	16
8	2	4	2	73	49
8	2	4	2	74	192
8	2	4	2	75	386
8	2	4	2	76	436
8	2	4	2	77	357
8	2	4	2	78	409
8	2	4	2	79	88
8	2	4	2	80	350
8	2	4	2	81	398
8	2	4	2	82	326
8	2	4	2	83	470
8	2	4	2	84	327
8	2	4	2	85	39
8	2	4	2	86	169
8	2	4	2	87	43
8	2	4	2	88	183
8	2	4	2	89	401
8	2	4	2	90	460
8	2	4	2	91	203
8	2	4	2	92	204
8	2	4	2	93	339
8	2	4	2	94	399
8	2	4	2	95	450
8	2	4	2	96	217
8	2	4	2	97	328
8	2	4	2	98	186
8	2	4	2	99	107
8	2	4	2	100	215
9	1	1	1	1	330
9	1	1	1	2	437
9	1	1	1	3	150
9	1	1	1	4	9
9	1	1	1	5	455
9	1	1	1	6	404
9	1	1	1	7	329
9	1	1	1	8	157
9	1	1	1	9	135
9	1	1	1	10	187
9	1	1	1	11	47
9	1	1	1	12	104
9	1	1	1	13	24
9	1	1	1	14	84
9	1	1	1	15	208
9	1	1	1	16	120
9	1	1	1	17	412
9	1	1	1	18	353
9	1	1	1	19	106
9	1	1	1	20	382
9	1	1	1	21	82
9	1	1	1	22	476
9	1	1	1	23	360
9	1	1	1	24	468
9	1	1	1	25	195
9	1	1	1	26	94
9	1	1	1	27	425
9	1	1	1	28	410
9	1	1	1	29	361
9	1	1	1	30	358
9	1	1	1	31	470
9	1	1	1	32	197
9	1	1	1	33	193
9	1	1	1	34	86
9	1	1	1	35	387
9	1	1	1	36	107
9	1	1	1	37	424
9	1	1	1	38	201
9	1	1	1	39	395
9	1	1	1	40	192
9	1	1	1	41	324
9	1	1	1	42	441
9	1	1	1	43	306
9	1	1	1	44	336
9	1	1	1	45	196
9	1	1	1	46	343
9	1	1	1	47	443
9	1	1	1	48	177
9	1	1	1	49	303
9	1	1	1	50	137
9	1	1	1	51	345
9	1	1	1	52	331
9	1	1	1	53	388
9	1	1	1	54	168
9	1	1	1	55	323
9	1	1	1	56	133
9	1	1	1	57	206
9	1	1	1	58	312
9	1	1	1	59	101
9	1	1	1	60	478
9	1	1	1	61	423
9	1	1	1	62	469
9	1	1	1	63	392
9	1	1	1	64	210
9	1	1	1	65	434
9	1	1	1	66	27
9	1	1	1	67	350
9	1	1	1	68	401
9	1	1	1	69	370
9	1	1	1	70	50
9	1	1	1	71	28
9	1	1	1	72	33
9	1	1	1	73	188
9	1	1	1	74	445
9	1	1	1	75	60
9	1	1	1	76	124
9	1	1	1	77	171
9	1	1	1	78	446
9	1	1	1	79	75
9	1	1	1	80	198
9	1	1	1	81	375
9	1	1	1	82	174
9	1	1	1	83	308
9	1	1	1	84	440
9	1	1	1	85	420
9	1	1	1	86	191
9	1	1	1	87	428
9	1	1	1	88	129
9	1	1	1	89	109
9	1	1	1	90	342
9	1	1	1	91	346
9	1	1	1	92	175
9	1	1	1	93	144
9	1	1	1	94	318
9	1	1	1	95	319
9	1	1	1	96	2
9	1	1	1	97	6
9	1	1	1	98	184
9	1	1	1	99	98
9	1	1	1	100	127
9	1	2	2	1	413
9	1	2	2	2	173
9	1	2	2	3	131
9	1	2	2	4	35
9	1	2	2	5	170
9	1	2	2	6	25
9	1	2	2	7	57
9	1	2	2	8	334
9	1	2	2	9	152
9	1	2	2	10	71
9	1	2	2	11	314
9	1	2	2	12	41
9	1	2	2	13	72
9	1	2	2	14	352
9	1	2	2	15	378
9	1	2	2	16	367
9	1	2	2	17	348
9	1	2	2	18	26
9	1	2	2	19	160
9	1	2	2	20	163
9	1	2	2	21	212
9	1	2	2	22	19
9	1	2	2	23	97
9	1	2	2	24	70
9	1	2	2	25	449
9	1	2	2	26	405
9	1	2	2	27	357
9	1	2	2	28	62
9	1	2	2	29	111
9	1	2	2	30	480
9	1	2	2	31	166
9	1	2	2	32	156
9	1	2	2	33	335
9	1	2	2	34	147
9	1	2	2	35	64
9	1	2	2	36	341
9	1	2	2	37	315
9	1	2	2	38	477
9	1	2	2	39	385
9	1	2	2	40	407
9	1	2	2	41	132
9	1	2	2	42	391
9	1	2	2	43	456
9	1	2	2	44	66
9	1	2	2	45	68
9	1	2	2	46	205
9	1	2	2	47	73
9	1	2	2	48	167
9	1	2	2	49	95
9	1	2	2	50	344
9	1	2	2	51	430
9	1	2	2	52	219
9	1	2	2	53	337
9	1	2	2	54	211
9	1	2	2	55	363
9	1	2	2	56	39
9	1	2	2	57	42
9	1	2	2	58	51
9	1	2	2	59	169
9	1	2	2	60	207
9	1	2	2	61	79
9	1	2	2	62	165
9	1	2	2	63	307
9	1	2	2	64	377
9	1	2	2	65	200
9	1	2	2	66	1
9	1	2	2	67	321
9	1	2	2	68	182
9	1	2	2	69	108
9	1	2	2	70	313
9	1	2	2	71	55
9	1	2	2	72	482
9	1	2	2	73	393
9	1	2	2	74	17
9	1	2	2	75	438
9	1	2	2	76	49
9	1	2	2	77	141
9	1	2	2	78	450
9	1	2	2	79	126
9	1	2	2	80	140
9	1	2	2	81	379
9	1	2	2	82	190
9	1	2	2	83	176
9	1	2	2	84	402
9	1	2	2	85	12
9	1	2	2	86	317
9	1	2	2	87	418
9	1	2	2	88	435
9	1	2	2	89	7
9	1	2	2	90	467
9	1	2	2	91	427
9	1	2	2	92	369
9	1	2	2	93	426
9	1	2	2	94	88
9	1	2	2	95	20
9	1	2	2	96	83
9	1	2	2	97	30
9	1	2	2	98	422
9	1	2	2	99	37
9	1	2	2	100	399
9	2	3	1	1	146
9	2	3	1	2	365
9	2	3	1	3	8
9	2	3	1	4	414
9	2	3	1	5	447
9	2	3	1	6	458
9	2	3	1	7	479
9	2	3	1	8	218
9	2	3	1	9	153
9	2	3	1	10	374
9	2	3	1	11	461
9	2	3	1	12	38
9	2	3	1	13	448
9	2	3	1	14	216
9	2	3	1	15	91
9	2	3	1	16	122
9	2	3	1	17	474
9	2	3	1	18	203
9	2	3	1	19	416
9	2	3	1	20	36
9	2	3	1	21	179
9	2	3	1	22	154
9	2	3	1	23	22
9	2	3	1	24	128
9	2	3	1	25	473
9	2	3	1	26	99
9	2	3	1	27	61
9	2	3	1	28	181
9	2	3	1	29	142
9	2	3	1	30	332
9	2	3	1	31	80
9	2	3	1	32	65
9	2	3	1	33	403
9	2	3	1	34	397
9	2	3	1	35	204
9	2	3	1	36	463
9	2	3	1	37	408
9	2	3	1	38	368
9	2	3	1	39	199
9	2	3	1	40	442
9	2	3	1	41	322
9	2	3	1	42	310
9	2	3	1	43	5
9	2	3	1	44	409
9	2	3	1	45	436
9	2	3	1	46	429
9	2	3	1	47	183
9	2	3	1	48	433
9	2	3	1	49	145
9	2	3	1	50	89
9	2	3	1	51	172
9	2	3	1	52	328
9	2	3	1	53	349
9	2	3	1	54	56
9	2	3	1	55	23
9	2	3	1	56	389
9	2	3	1	57	118
9	2	3	1	58	13
9	2	3	1	59	390
9	2	3	1	60	431
9	2	3	1	61	339
9	2	3	1	62	85
9	2	3	1	63	209
9	2	3	1	64	151
9	2	3	1	65	481
9	2	3	1	66	14
9	2	3	1	67	459
9	2	3	1	68	139
9	2	3	1	69	10
9	2	3	1	70	325
9	2	3	1	71	217
9	2	3	1	72	452
9	2	3	1	73	472
9	2	3	1	74	327
9	2	3	1	75	44
9	2	3	1	76	59
9	2	3	1	77	54
9	2	3	1	78	320
9	2	3	1	79	15
9	2	3	1	80	3
9	2	3	1	81	69
9	2	3	1	82	18
9	2	3	1	83	48
9	2	3	1	84	67
9	2	3	1	85	100
9	2	3	1	86	134
9	2	3	1	87	155
9	2	3	1	88	90
9	2	3	1	89	162
9	2	3	1	90	466
9	2	3	1	91	105
9	2	3	1	92	417
9	2	3	1	93	396
9	2	3	1	94	309
9	2	3	1	95	186
9	2	3	1	96	304
9	2	3	1	97	16
9	2	3	1	98	220
9	2	3	1	99	454
9	2	3	1	100	394
9	2	4	2	1	464
9	2	4	2	2	34
9	2	4	2	3	364
9	2	4	2	4	31
9	2	4	2	5	46
9	2	4	2	6	451
9	2	4	2	7	333
9	2	4	2	8	462
9	2	4	2	9	356
9	2	4	2	10	92
9	2	4	2	11	96
9	2	4	2	12	302
9	2	4	2	13	102
9	2	4	2	14	130
9	2	4	2	15	340
9	2	4	2	16	121
9	2	4	2	17	194
9	2	4	2	18	475
9	2	4	2	19	161
9	2	4	2	20	359
9	2	4	2	21	366
9	2	4	2	22	354
9	2	4	2	23	136
9	2	4	2	24	78
9	2	4	2	25	406
9	2	4	2	26	123
9	2	4	2	27	164
9	2	4	2	28	419
9	2	4	2	29	386
9	2	4	2	30	371
9	2	4	2	31	301
9	2	4	2	32	411
9	2	4	2	33	138
9	2	4	2	34	453
9	2	4	2	35	373
9	2	4	2	36	158
9	2	4	2	37	119
9	2	4	2	38	76
9	2	4	2	39	45
9	2	4	2	40	338
9	2	4	2	41	180
9	2	4	2	42	143
9	2	4	2	43	58
9	2	4	2	44	362
9	2	4	2	45	53
9	2	4	2	46	159
9	2	4	2	47	178
9	2	4	2	48	74
9	2	4	2	49	149
9	2	4	2	50	355
9	2	4	2	51	398
9	2	4	2	52	148
9	2	4	2	53	444
9	2	4	2	54	40
9	2	4	2	55	383
9	2	4	2	56	381
9	2	4	2	57	415
9	2	4	2	58	305
9	2	4	2	59	93
9	2	4	2	60	32
9	2	4	2	61	471
9	2	4	2	62	125
9	2	4	2	63	400
9	2	4	2	64	52
9	2	4	2	65	460
9	2	4	2	66	380
9	2	4	2	67	114
9	2	4	2	68	439
9	2	4	2	69	185
9	2	4	2	70	316
9	2	4	2	71	384
9	2	4	2	72	432
9	2	4	2	73	43
9	2	4	2	74	115
9	2	4	2	75	376
9	2	4	2	76	63
9	2	4	2	77	465
9	2	4	2	78	202
9	2	4	2	79	372
9	2	4	2	80	457
9	2	4	2	81	351
9	2	4	2	82	347
9	2	4	2	83	215
9	2	4	2	84	81
9	2	4	2	85	112
9	2	4	2	86	326
9	2	4	2	87	11
9	2	4	2	88	113
9	2	4	2	89	116
9	2	4	2	90	214
9	2	4	2	91	117
9	2	4	2	92	4
9	2	4	2	93	29
9	2	4	2	94	213
9	2	4	2	95	103
9	2	4	2	96	311
9	2	4	2	97	21
9	2	4	2	98	87
9	2	4	2	99	421
9	2	4	2	100	77
10	1	1	1	1	403
10	1	1	1	2	2
10	1	1	1	3	74
10	1	1	1	4	472
10	1	1	1	5	107
10	1	1	1	6	454
10	1	1	1	7	327
10	1	1	1	8	337
10	1	1	1	9	84
10	1	1	1	10	362
10	1	1	1	11	129
10	1	1	1	12	469
10	1	1	1	13	424
10	1	1	1	14	37
10	1	1	1	15	317
10	1	1	1	16	369
10	1	1	1	17	131
10	1	1	1	18	436
10	1	1	1	19	83
10	1	1	1	20	326
10	1	1	1	21	52
10	1	1	1	22	380
10	1	1	1	23	158
10	1	1	1	24	66
10	1	1	1	25	217
10	1	1	1	26	395
10	1	1	1	27	17
10	1	1	1	28	132
10	1	1	1	29	384
10	1	1	1	30	159
10	1	1	1	31	6
10	1	1	1	32	341
10	1	1	1	33	393
10	1	1	1	34	322
10	1	1	1	35	30
10	1	1	1	36	38
10	1	1	1	37	152
10	1	1	1	38	448
10	1	1	1	39	58
10	1	1	1	40	360
10	1	1	1	41	350
10	1	1	1	42	345
10	1	1	1	43	390
10	1	1	1	44	197
10	1	1	1	45	85
10	1	1	1	46	113
10	1	1	1	47	418
10	1	1	1	48	375
10	1	1	1	49	312
10	1	1	1	50	447
10	1	1	1	51	452
10	1	1	1	52	151
10	1	1	1	53	377
10	1	1	1	54	53
10	1	1	1	55	10
10	1	1	1	56	318
10	1	1	1	57	440
10	1	1	1	58	199
10	1	1	1	59	196
10	1	1	1	60	404
10	1	1	1	61	388
10	1	1	1	62	477
10	1	1	1	63	55
10	1	1	1	64	133
10	1	1	1	65	44
10	1	1	1	66	385
10	1	1	1	67	210
10	1	1	1	68	459
10	1	1	1	69	207
10	1	1	1	70	117
10	1	1	1	71	25
10	1	1	1	72	338
10	1	1	1	73	31
10	1	1	1	74	56
10	1	1	1	75	1
10	1	1	1	76	76
10	1	1	1	77	27
10	1	1	1	78	422
10	1	1	1	79	474
10	1	1	1	80	172
10	1	1	1	81	374
10	1	1	1	82	204
10	1	1	1	83	4
10	1	1	1	84	162
10	1	1	1	85	383
10	1	1	1	86	220
10	1	1	1	87	446
10	1	1	1	88	145
10	1	1	1	89	478
10	1	1	1	90	106
10	1	1	1	91	100
10	1	1	1	92	20
10	1	1	1	93	382
10	1	1	1	94	306
10	1	1	1	95	396
10	1	1	1	96	427
10	1	1	1	97	336
10	1	1	1	98	399
10	1	1	1	99	166
10	1	1	1	100	90
10	1	2	2	1	365
10	1	2	2	2	50
10	1	2	2	3	407
10	1	2	2	4	314
10	1	2	2	5	419
10	1	2	2	6	324
10	1	2	2	7	398
10	1	2	2	8	351
10	1	2	2	9	36
10	1	2	2	10	119
10	1	2	2	11	368
10	1	2	2	12	200
10	1	2	2	13	437
10	1	2	2	14	310
10	1	2	2	15	355
10	1	2	2	16	140
10	1	2	2	17	147
10	1	2	2	18	80
10	1	2	2	19	9
10	1	2	2	20	414
10	1	2	2	21	122
10	1	2	2	22	81
10	1	2	2	23	144
10	1	2	2	24	60
10	1	2	2	25	206
10	1	2	2	26	408
10	1	2	2	27	192
10	1	2	2	28	471
10	1	2	2	29	181
10	1	2	2	30	136
10	1	2	2	31	363
10	1	2	2	32	401
10	1	2	2	33	150
10	1	2	2	34	421
10	1	2	2	35	65
10	1	2	2	36	154
10	1	2	2	37	319
10	1	2	2	38	311
10	1	2	2	39	39
10	1	2	2	40	3
10	1	2	2	41	463
10	1	2	2	42	320
10	1	2	2	43	137
10	1	2	2	44	342
10	1	2	2	45	149
10	1	2	2	46	203
10	1	2	2	47	465
10	1	2	2	48	118
10	1	2	2	49	188
10	1	2	2	50	417
10	1	2	2	51	43
10	1	2	2	52	120
10	1	2	2	53	313
10	1	2	2	54	175
10	1	2	2	55	57
10	1	2	2	56	379
10	1	2	2	57	371
10	1	2	2	58	364
10	1	2	2	59	432
10	1	2	2	60	412
10	1	2	2	61	460
10	1	2	2	62	21
10	1	2	2	63	185
10	1	2	2	64	346
10	1	2	2	65	138
10	1	2	2	66	391
10	1	2	2	67	184
10	1	2	2	68	359
10	1	2	2	69	7
10	1	2	2	70	191
10	1	2	2	71	26
10	1	2	2	72	376
10	1	2	2	73	216
10	1	2	2	74	190
10	1	2	2	75	124
10	1	2	2	76	194
10	1	2	2	77	135
10	1	2	2	78	413
10	1	2	2	79	41
10	1	2	2	80	449
10	1	2	2	81	8
10	1	2	2	82	212
10	1	2	2	83	381
10	1	2	2	84	331
10	1	2	2	85	125
10	1	2	2	86	114
10	1	2	2	87	426
10	1	2	2	88	400
10	1	2	2	89	423
10	1	2	2	90	415
10	1	2	2	91	93
10	1	2	2	92	349
10	1	2	2	93	425
10	1	2	2	94	33
10	1	2	2	95	61
10	1	2	2	96	111
10	1	2	2	97	428
10	1	2	2	98	353
10	1	2	2	99	89
10	1	2	2	100	101
10	2	3	1	1	176
10	2	3	1	2	59
10	2	3	1	3	480
10	2	3	1	4	357
10	2	3	1	5	96
10	2	3	1	6	378
10	2	3	1	7	103
10	2	3	1	8	308
10	2	3	1	9	71
10	2	3	1	10	431
10	2	3	1	11	416
10	2	3	1	12	406
10	2	3	1	13	453
10	2	3	1	14	40
10	2	3	1	15	439
10	2	3	1	16	16
10	2	3	1	17	99
10	2	3	1	18	443
10	2	3	1	19	209
10	2	3	1	20	307
10	2	3	1	21	112
10	2	3	1	22	142
10	2	3	1	23	63
10	2	3	1	24	153
10	2	3	1	25	409
10	2	3	1	26	79
10	2	3	1	27	156
10	2	3	1	28	202
10	2	3	1	29	330
10	2	3	1	30	358
10	2	3	1	31	187
10	2	3	1	32	335
10	2	3	1	33	309
10	2	3	1	34	78
10	2	3	1	35	366
10	2	3	1	36	69
10	2	3	1	37	62
10	2	3	1	38	315
10	2	3	1	39	434
10	2	3	1	40	148
10	2	3	1	41	373
10	2	3	1	42	32
10	2	3	1	43	456
10	2	3	1	44	108
10	2	3	1	45	115
10	2	3	1	46	34
10	2	3	1	47	98
10	2	3	1	48	177
10	2	3	1	49	67
10	2	3	1	50	14
10	2	3	1	51	208
10	2	3	1	52	420
10	2	3	1	53	75
10	2	3	1	54	171
10	2	3	1	55	88
10	2	3	1	56	127
10	2	3	1	57	442
10	2	3	1	58	370
10	2	3	1	59	170
10	2	3	1	60	372
10	2	3	1	61	77
10	2	3	1	62	94
10	2	3	1	63	328
10	2	3	1	64	468
10	2	3	1	65	397
10	2	3	1	66	97
10	2	3	1	67	128
10	2	3	1	68	332
10	2	3	1	69	450
10	2	3	1	70	462
10	2	3	1	71	130
10	2	3	1	72	146
10	2	3	1	73	82
10	2	3	1	74	24
10	2	3	1	75	193
10	2	3	1	76	344
10	2	3	1	77	167
10	2	3	1	78	19
10	2	3	1	79	178
10	2	3	1	80	389
10	2	3	1	81	12
10	2	3	1	82	479
10	2	3	1	83	23
10	2	3	1	84	305
10	2	3	1	85	354
10	2	3	1	86	470
10	2	3	1	87	325
10	2	3	1	88	445
10	2	3	1	89	169
10	2	3	1	90	48
10	2	3	1	91	213
10	2	3	1	92	45
10	2	3	1	93	304
10	2	3	1	94	15
10	2	3	1	95	35
10	2	3	1	96	438
10	2	3	1	97	211
10	2	3	1	98	201
10	2	3	1	99	102
10	2	3	1	100	394
10	2	4	2	1	49
10	2	4	2	2	92
10	2	4	2	3	126
10	2	4	2	4	22
10	2	4	2	5	352
10	2	4	2	6	340
10	2	4	2	7	87
10	2	4	2	8	457
10	2	4	2	9	28
10	2	4	2	10	430
10	2	4	2	11	195
10	2	4	2	12	475
10	2	4	2	13	179
10	2	4	2	14	46
10	2	4	2	15	329
10	2	4	2	16	198
10	2	4	2	17	367
10	2	4	2	18	91
10	2	4	2	19	105
10	2	4	2	20	47
10	2	4	2	21	165
10	2	4	2	22	11
10	2	4	2	23	348
10	2	4	2	24	405
10	2	4	2	25	183
10	2	4	2	26	321
10	2	4	2	27	386
10	2	4	2	28	54
10	2	4	2	29	464
10	2	4	2	30	29
10	2	4	2	31	303
10	2	4	2	32	13
10	2	4	2	33	205
10	2	4	2	34	73
10	2	4	2	35	141
10	2	4	2	36	316
10	2	4	2	37	163
10	2	4	2	38	18
10	2	4	2	39	186
10	2	4	2	40	109
10	2	4	2	41	343
10	2	4	2	42	482
10	2	4	2	43	461
10	2	4	2	44	173
10	2	4	2	45	64
10	2	4	2	46	180
10	2	4	2	47	455
10	2	4	2	48	444
10	2	4	2	49	333
10	2	4	2	50	387
10	2	4	2	51	429
10	2	4	2	52	68
10	2	4	2	53	182
10	2	4	2	54	51
10	2	4	2	55	161
10	2	4	2	56	139
10	2	4	2	57	70
10	2	4	2	58	467
10	2	4	2	59	116
10	2	4	2	60	104
10	2	4	2	61	476
10	2	4	2	62	301
10	2	4	2	63	458
10	2	4	2	64	121
10	2	4	2	65	411
10	2	4	2	66	356
10	2	4	2	67	302
10	2	4	2	68	361
10	2	4	2	69	157
10	2	4	2	70	42
10	2	4	2	71	435
10	2	4	2	72	5
10	2	4	2	73	214
10	2	4	2	74	123
10	2	4	2	75	339
10	2	4	2	76	143
10	2	4	2	77	441
10	2	4	2	78	218
10	2	4	2	79	334
10	2	4	2	80	95
10	2	4	2	81	134
10	2	4	2	82	347
10	2	4	2	83	410
10	2	4	2	84	219
10	2	4	2	85	72
10	2	4	2	86	155
10	2	4	2	87	402
10	2	4	2	88	164
10	2	4	2	89	174
10	2	4	2	90	466
10	2	4	2	91	168
10	2	4	2	92	451
10	2	4	2	93	160
10	2	4	2	94	481
10	2	4	2	95	473
10	2	4	2	96	86
10	2	4	2	97	433
10	2	4	2	98	323
10	2	4	2	99	392
10	2	4	2	100	215
11	1	1	1	1	119
11	1	1	1	2	71
11	1	1	1	3	363
11	1	1	1	4	307
11	1	1	1	5	49
11	1	1	1	6	336
11	1	1	1	7	113
11	1	1	1	8	458
11	1	1	1	9	151
11	1	1	1	10	313
11	1	1	1	11	404
11	1	1	1	12	28
11	1	1	1	13	174
11	1	1	1	14	357
11	1	1	1	15	7
11	1	1	1	16	424
11	1	1	1	17	311
11	1	1	1	18	386
11	1	1	1	19	355
11	1	1	1	20	344
11	1	1	1	21	212
11	1	1	1	22	187
11	1	1	1	23	412
11	1	1	1	24	3
11	1	1	1	25	163
11	1	1	1	26	346
11	1	1	1	27	68
11	1	1	1	28	374
11	1	1	1	29	197
11	1	1	1	30	390
11	1	1	1	31	169
11	1	1	1	32	402
11	1	1	1	33	179
11	1	1	1	34	444
11	1	1	1	35	102
11	1	1	1	36	366
11	1	1	1	37	353
11	1	1	1	38	352
11	1	1	1	39	115
11	1	1	1	40	104
11	1	1	1	41	385
11	1	1	1	42	348
11	1	1	1	43	204
11	1	1	1	44	175
11	1	1	1	45	67
11	1	1	1	46	373
11	1	1	1	47	77
11	1	1	1	48	315
11	1	1	1	49	78
11	1	1	1	50	166
11	1	1	1	51	144
11	1	1	1	52	354
11	1	1	1	53	106
11	1	1	1	54	95
11	1	1	1	55	420
11	1	1	1	56	218
11	1	1	1	57	64
11	1	1	1	58	359
11	1	1	1	59	369
11	1	1	1	60	371
11	1	1	1	61	398
11	1	1	1	62	301
11	1	1	1	63	414
11	1	1	1	64	471
11	1	1	1	65	185
11	1	1	1	66	157
11	1	1	1	67	200
11	1	1	1	68	82
11	1	1	1	69	57
11	1	1	1	70	383
11	1	1	1	71	132
11	1	1	1	72	388
11	1	1	1	73	384
11	1	1	1	74	213
11	1	1	1	75	32
11	1	1	1	76	186
11	1	1	1	77	461
11	1	1	1	78	403
11	1	1	1	79	477
11	1	1	1	80	419
11	1	1	1	81	194
11	1	1	1	82	173
11	1	1	1	83	168
11	1	1	1	84	152
11	1	1	1	85	351
11	1	1	1	86	361
11	1	1	1	87	322
11	1	1	1	88	84
11	1	1	1	89	164
11	1	1	1	90	406
11	1	1	1	91	136
11	1	1	1	92	379
11	1	1	1	93	470
11	1	1	1	94	80
11	1	1	1	95	116
11	1	1	1	96	329
11	1	1	1	97	455
11	1	1	1	98	476
11	1	1	1	99	413
11	1	1	1	100	1
11	1	2	2	1	193
11	1	2	2	2	98
11	1	2	2	3	409
11	1	2	2	4	323
11	1	2	2	5	462
11	1	2	2	6	389
11	1	2	2	7	345
11	1	2	2	8	191
11	1	2	2	9	347
11	1	2	2	10	14
11	1	2	2	11	433
11	1	2	2	12	139
11	1	2	2	13	309
11	1	2	2	14	54
11	1	2	2	15	9
11	1	2	2	16	395
11	1	2	2	17	73
11	1	2	2	18	192
11	1	2	2	19	117
11	1	2	2	20	182
11	1	2	2	21	59
11	1	2	2	22	181
11	1	2	2	23	48
11	1	2	2	24	97
11	1	2	2	25	156
11	1	2	2	26	85
11	1	2	2	27	50
11	1	2	2	28	17
11	1	2	2	29	407
11	1	2	2	30	25
11	1	2	2	31	209
11	1	2	2	32	13
11	1	2	2	33	208
11	1	2	2	34	40
11	1	2	2	35	381
11	1	2	2	36	51
11	1	2	2	37	91
11	1	2	2	38	439
11	1	2	2	39	207
11	1	2	2	40	150
11	1	2	2	41	43
11	1	2	2	42	367
11	1	2	2	43	452
11	1	2	2	44	167
11	1	2	2	45	153
11	1	2	2	46	126
11	1	2	2	47	107
11	1	2	2	48	160
11	1	2	2	49	339
11	1	2	2	50	96
11	1	2	2	51	145
11	1	2	2	52	440
11	1	2	2	53	5
11	1	2	2	54	441
11	1	2	2	55	372
11	1	2	2	56	215
11	1	2	2	57	72
11	1	2	2	58	201
11	1	2	2	59	302
11	1	2	2	60	55
11	1	2	2	61	47
11	1	2	2	62	376
11	1	2	2	63	61
11	1	2	2	64	319
11	1	2	2	65	216
11	1	2	2	66	330
11	1	2	2	67	26
11	1	2	2	68	434
11	1	2	2	69	391
11	1	2	2	70	16
11	1	2	2	71	206
11	1	2	2	72	305
11	1	2	2	73	129
11	1	2	2	74	105
11	1	2	2	75	426
11	1	2	2	76	423
11	1	2	2	77	178
11	1	2	2	78	99
11	1	2	2	79	30
11	1	2	2	80	303
11	1	2	2	81	24
11	1	2	2	82	475
11	1	2	2	83	90
11	1	2	2	84	128
11	1	2	2	85	15
11	1	2	2	86	317
11	1	2	2	87	449
11	1	2	2	88	217
11	1	2	2	89	435
11	1	2	2	90	176
11	1	2	2	91	147
11	1	2	2	92	22
11	1	2	2	93	411
11	1	2	2	94	453
11	1	2	2	95	316
11	1	2	2	96	130
11	1	2	2	97	349
11	1	2	2	98	46
11	1	2	2	99	436
11	1	2	2	100	122
11	2	3	1	1	31
11	2	3	1	2	162
11	2	3	1	3	310
11	2	3	1	4	133
11	2	3	1	5	155
11	2	3	1	6	425
11	2	3	1	7	342
11	2	3	1	8	417
11	2	3	1	9	456
11	2	3	1	10	188
11	2	3	1	11	350
11	2	3	1	12	337
11	2	3	1	13	52
11	2	3	1	14	183
11	2	3	1	15	198
11	2	3	1	16	101
11	2	3	1	17	324
11	2	3	1	18	467
11	2	3	1	19	120
11	2	3	1	20	482
11	2	3	1	21	76
11	2	3	1	22	421
11	2	3	1	23	202
11	2	3	1	24	480
11	2	3	1	25	447
11	2	3	1	26	41
11	2	3	1	27	148
11	2	3	1	28	448
11	2	3	1	29	340
11	2	3	1	30	205
11	2	3	1	31	33
11	2	3	1	32	321
11	2	3	1	33	326
11	2	3	1	34	100
11	2	3	1	35	69
11	2	3	1	36	401
11	2	3	1	37	427
11	2	3	1	38	180
11	2	3	1	39	143
11	2	3	1	40	199
11	2	3	1	41	8
11	2	3	1	42	468
11	2	3	1	43	171
11	2	3	1	44	112
11	2	3	1	45	450
11	2	3	1	46	304
11	2	3	1	47	429
11	2	3	1	48	62
11	2	3	1	49	405
11	2	3	1	50	137
11	2	3	1	51	37
11	2	3	1	52	306
11	2	3	1	53	364
11	2	3	1	54	333
11	2	3	1	55	327
11	2	3	1	56	380
11	2	3	1	57	36
11	2	3	1	58	334
11	2	3	1	59	466
11	2	3	1	60	396
11	2	3	1	61	135
11	2	3	1	62	165
11	2	3	1	63	473
11	2	3	1	64	203
11	2	3	1	65	6
11	2	3	1	66	454
11	2	3	1	67	118
11	2	3	1	68	146
11	2	3	1	69	38
11	2	3	1	70	172
11	2	3	1	71	451
11	2	3	1	72	42
11	2	3	1	73	184
11	2	3	1	74	356
11	2	3	1	75	20
11	2	3	1	76	2
11	2	3	1	77	170
11	2	3	1	78	220
11	2	3	1	79	415
11	2	3	1	80	58
11	2	3	1	81	195
11	2	3	1	82	408
11	2	3	1	83	53
11	2	3	1	84	397
11	2	3	1	85	360
11	2	3	1	86	161
11	2	3	1	87	11
11	2	3	1	88	392
11	2	3	1	89	12
11	2	3	1	90	459
11	2	3	1	91	66
11	2	3	1	92	131
11	2	3	1	93	418
11	2	3	1	94	416
11	2	3	1	95	422
11	2	3	1	96	382
11	2	3	1	97	338
11	2	3	1	98	65
11	2	3	1	99	481
11	2	3	1	100	431
11	2	4	2	1	365
11	2	4	2	2	341
11	2	4	2	3	375
11	2	4	2	4	400
11	2	4	2	5	127
11	2	4	2	6	103
11	2	4	2	7	314
11	2	4	2	8	469
11	2	4	2	9	214
11	2	4	2	10	70
11	2	4	2	11	158
11	2	4	2	12	21
11	2	4	2	13	437
11	2	4	2	14	478
11	2	4	2	15	92
11	2	4	2	16	464
11	2	4	2	17	457
11	2	4	2	18	93
11	2	4	2	19	75
11	2	4	2	20	18
11	2	4	2	21	4
11	2	4	2	22	362
11	2	4	2	23	368
11	2	4	2	24	358
11	2	4	2	25	446
11	2	4	2	26	378
11	2	4	2	27	325
11	2	4	2	28	86
11	2	4	2	29	343
11	2	4	2	30	19
11	2	4	2	31	154
11	2	4	2	32	335
11	2	4	2	33	428
11	2	4	2	34	134
11	2	4	2	35	94
11	2	4	2	36	87
11	2	4	2	37	35
11	2	4	2	38	320
11	2	4	2	39	60
11	2	4	2	40	159
11	2	4	2	41	111
11	2	4	2	42	210
11	2	4	2	43	29
11	2	4	2	44	88
11	2	4	2	45	430
11	2	4	2	46	465
11	2	4	2	47	211
11	2	4	2	48	63
11	2	4	2	49	140
11	2	4	2	50	387
11	2	4	2	51	479
11	2	4	2	52	79
11	2	4	2	53	81
11	2	4	2	54	460
11	2	4	2	55	474
11	2	4	2	56	45
11	2	4	2	57	432
11	2	4	2	58	332
11	2	4	2	59	27
11	2	4	2	60	219
11	2	4	2	61	445
11	2	4	2	62	399
11	2	4	2	63	331
11	2	4	2	64	196
11	2	4	2	65	308
11	2	4	2	66	23
11	2	4	2	67	149
11	2	4	2	68	114
11	2	4	2	69	124
11	2	4	2	70	443
11	2	4	2	71	318
11	2	4	2	72	377
11	2	4	2	73	125
11	2	4	2	74	34
11	2	4	2	75	438
11	2	4	2	76	123
11	2	4	2	77	89
11	2	4	2	78	109
11	2	4	2	79	10
11	2	4	2	80	312
11	2	4	2	81	39
11	2	4	2	82	83
11	2	4	2	83	177
11	2	4	2	84	74
11	2	4	2	85	410
11	2	4	2	86	142
11	2	4	2	87	44
11	2	4	2	88	328
11	2	4	2	89	393
11	2	4	2	90	108
11	2	4	2	91	463
11	2	4	2	92	190
11	2	4	2	93	121
11	2	4	2	94	442
11	2	4	2	95	370
11	2	4	2	96	472
11	2	4	2	97	138
11	2	4	2	98	141
11	2	4	2	99	56
11	2	4	2	100	394
